;CO_TAZID,Index,TOTHH,HHPOP,HHSIZE,TOTEMP,RETEMP,INDEMP,OTHEMP,ALLEMP,RETL,FOOD,MANU,WSLE,OFFI,GVED,HLTH,OTHR,FM_AGRI,FM_MING,FM_CONS,HBJ,SEC_HOME,CABIN,CONDO,HOTEL,AVGINCOME,Enrol_Elem,Enrol_Midl,Enrol_High,Sub_Area,CO_FIPS,CO_NAME,DISTLRG,DLRG_NAME,DISTMED,DMED_NAME,DISTSML,DSML_NAME,CITY_NAME
50001,1,8.1,34.4,4.26,0.0,0.0,0.0,0.0,9.5,0.0,0.0,0.0,0.0,0.0,0.0,0.0,0.0,9.1,0.0,0.0,0.4,0,0,0,0,54740,0,0,0,2,5,CACHE,1,North Cache County,2,"Trenton, Cornish, Lewiston Area",7,Cornish,Cornish
50002,2,28.4,71.1,2.51,9.9,0.4,0.5,8.9,17.7,0.3,0.2,0.4,0.1,0.4,7.5,0.4,0.6,5.7,0.0,0.6,1.5,0,0,0,0,54740,0,0,0,2,5,CACHE,1,North Cache County,2,"Trenton, Cornish, Lewiston Area",7,Cornish,Cornish
50003,3,1.4,1.7,1.20,0.0,0.0,0.0,0.0,0.1,0.0,0.0,0.0,0.0,0.0,0.0,0.0,0.0,0.0,0.0,0.0,0.1,0,0,0,0,54740,0,0,0,2,5,CACHE,1,North Cache County,2,"Trenton, Cornish, Lewiston Area",7,Cornish,Cornish
50004,4,7.2,36.5,5.08,0.0,0.0,0.0,0.0,6.1,0.0,0.0,0.0,0.0,0.0,0.0,0.0,0.0,5.7,0.0,0.0,0.4,0,0,0,0,54740,0,0,0,2,5,CACHE,1,North Cache County,2,"Trenton, Cornish, Lewiston Area",7,Cornish,Cornish
50005,5,7.4,13.4,1.80,0.0,0.0,0.0,0.0,6.1,0.0,0.0,0.0,0.0,0.0,0.0,0.0,0.0,5.7,0.0,0.0,0.4,0,0,0,0,54740,0,0,0,2,5,CACHE,1,North Cache County,2,"Trenton, Cornish, Lewiston Area",7,Cornish,Cornish
50006,6,0.0,0.0,0.00,0.0,0.0,0.0,0.0,5.7,0.0,0.0,0.0,0.0,0.0,0.0,0.0,0.0,5.7,0.0,0.0,0.0,0,0,0,0,54740,0,0,0,2,5,CACHE,1,North Cache County,2,"Trenton, Cornish, Lewiston Area",7,Cornish,Cornish
50007,7,5.6,20.0,3.61,0.0,0.0,0.0,0.0,6.0,0.0,0.0,0.0,0.0,0.0,0.0,0.0,0.0,5.7,0.0,0.0,0.3,0,0,0,0,54740,0,0,0,2,5,CACHE,1,North Cache County,2,"Trenton, Cornish, Lewiston Area",7,Cornish,Cornish
50008,8,7.2,21.4,2.95,0.0,0.0,0.0,0.0,0.4,0.0,0.0,0.0,0.0,0.0,0.0,0.0,0.0,0.0,0.0,0.0,0.4,0,0,0,0,54740,0,0,0,2,5,CACHE,1,North Cache County,2,"Trenton, Cornish, Lewiston Area",7,Cornish,Cornish
50009,9,8.4,13.8,1.64,0.0,0.0,0.0,0.0,0.5,0.0,0.0,0.0,0.0,0.0,0.0,0.0,0.0,0.0,0.0,0.0,0.5,0,0,0,0,54740,0,0,0,2,5,CACHE,1,North Cache County,2,"Trenton, Cornish, Lewiston Area",7,Cornish,Cornish
50010,10,0.0,0.0,0.00,0.0,0.0,0.0,0.0,5.7,0.0,0.0,0.0,0.0,0.0,0.0,0.0,0.0,5.7,0.0,0.0,0.0,0,0,0,0,54740,0,0,0,2,5,CACHE,1,North Cache County,2,"Trenton, Cornish, Lewiston Area",7,Cornish,Cornish
50011,11,5.0,18.2,3.61,0.0,0.0,0.0,0.0,6.0,0.0,0.0,0.0,0.0,0.0,0.0,0.0,0.0,5.7,0.0,0.0,0.3,0,0,0,0,54740,0,0,0,2,5,CACHE,1,North Cache County,2,"Trenton, Cornish, Lewiston Area",7,Cornish,Cornish
50012,12,5.9,24.9,4.20,0.0,0.0,0.0,0.0,6.0,0.0,0.0,0.0,0.0,0.0,0.0,0.0,0.0,5.7,0.0,0.0,0.3,0,0,0,0,54740,0,0,0,2,5,CACHE,1,North Cache County,2,"Trenton, Cornish, Lewiston Area",7,Cornish,Cornish
50013,13,1.4,3.8,2.62,0.0,0.0,0.0,0.0,5.8,0.0,0.0,0.0,0.0,0.0,0.0,0.0,0.0,5.7,0.0,0.0,0.1,0,0,0,0,54740,0,0,0,2,5,CACHE,1,North Cache County,2,"Trenton, Cornish, Lewiston Area",7,Cornish,Cornish
50014,14,1.4,3.8,2.62,0.0,0.0,0.0,0.0,9.2,0.0,0.0,0.0,0.0,0.0,0.0,0.0,0.0,9.1,0.0,0.0,0.1,0,0,0,0,54740,0,0,0,2,5,CACHE,1,North Cache County,2,"Trenton, Cornish, Lewiston Area",7,Cornish,Cornish
50015,15,12.0,26.1,2.18,0.0,0.0,0.0,0.0,9.7,0.0,0.0,0.0,0.0,0.0,0.0,0.0,0.0,9.1,0.0,0.0,0.6,0,0,0,0,54740,0,0,0,2,5,CACHE,1,North Cache County,2,"Trenton, Cornish, Lewiston Area",7,Cornish,Cornish
50016,16,13.8,39.7,2.87,0.0,0.0,0.0,0.0,9.8,0.0,0.0,0.0,0.0,0.0,0.0,0.0,0.0,9.1,0.0,0.0,0.7,0,0,0,0,54740,0,0,0,2,5,CACHE,1,North Cache County,2,"Trenton, Cornish, Lewiston Area",7,Cornish,Cornish
50017,17,0.0,0.0,0.00,0.0,0.0,0.0,0.0,5.7,0.0,0.0,0.0,0.0,0.0,0.0,0.0,0.0,5.7,0.0,0.0,0.0,0,0,0,0,54740,0,0,0,2,5,CACHE,1,North Cache County,2,"Trenton, Cornish, Lewiston Area",8,Lewiston,Lewiston
50018,18,15.0,42.0,2.80,0.0,0.0,0.0,0.0,7.7,0.0,0.0,0.0,0.0,0.0,0.0,0.0,0.0,5.7,0.0,1.3,0.8,0,0,0,0,54740,0,0,0,2,5,CACHE,1,North Cache County,2,"Trenton, Cornish, Lewiston Area",8,Lewiston,Lewiston
50019,19,18.9,64.6,3.41,0.0,0.0,0.0,0.0,7.9,0.0,0.0,0.0,0.0,0.0,0.0,0.0,0.0,5.7,0.0,1.3,1.0,0,0,0,0,57669,0,0,0,2,5,CACHE,1,North Cache County,2,"Trenton, Cornish, Lewiston Area",8,Lewiston,Lewiston
50020,20,12.0,34.8,2.89,10.6,0.4,0.5,9.7,18.9,0.2,0.1,0.4,0.1,0.4,0.4,0.3,8.6,5.7,0.0,1.9,0.7,0,0,0,0,57669,0,0,0,2,5,CACHE,1,North Cache County,2,"Trenton, Cornish, Lewiston Area",8,Lewiston,Lewiston
50021,21,0.0,0.0,0.00,0.0,0.0,0.0,0.0,4.5,0.0,0.0,0.0,0.0,0.0,0.0,0.0,0.0,4.5,0.0,0.0,0.0,0,0,0,0,57669,0,0,0,2,5,CACHE,1,North Cache County,2,"Trenton, Cornish, Lewiston Area",8,Lewiston,Lewiston
50022,22,31.0,46.5,1.50,0.0,0.0,0.0,0.0,15.8,0.0,0.0,0.0,0.0,0.0,0.0,0.0,0.0,9.1,0.0,5.1,1.7,0,0,0,0,54740,0,0,0,2,5,CACHE,1,North Cache County,2,"Trenton, Cornish, Lewiston Area",8,Lewiston,Lewiston
50023,23,33.9,110.1,3.24,0.0,0.0,0.0,0.0,14.0,0.0,0.0,0.0,0.0,0.0,0.0,0.0,0.0,9.1,0.0,3.2,1.8,0,0,0,0,54740,0,0,0,2,5,CACHE,1,North Cache County,2,"Trenton, Cornish, Lewiston Area",8,Lewiston,Lewiston
50024,24,33.0,107.0,3.24,18.8,0.5,16.3,2.1,32.2,0.3,0.2,0.5,15.8,0.5,0.5,0.4,0.7,9.1,0.0,2.5,1.8,0,0,0,0,57669,0,0,0,2,5,CACHE,1,North Cache County,2,"Trenton, Cornish, Lewiston Area",8,Lewiston,Lewiston
50025,25,70.4,198.7,2.82,45.7,30.4,3.0,12.2,61.5,29.5,0.9,2.5,0.5,4.2,2.6,2.1,3.4,5.7,0.0,6.3,3.8,0,0,0,0,57669,0,0,0,2,5,CACHE,1,North Cache County,2,"Trenton, Cornish, Lewiston Area",8,Lewiston,Lewiston
50026,26,47.1,128.4,2.72,89.0,6.4,2.0,80.6,101.7,5.8,0.6,1.7,0.3,1.7,1.7,1.4,75.7,5.7,0.0,4.4,2.6,0,0,0,0,57669,0,0,0,2,5,CACHE,1,North Cache County,2,"Trenton, Cornish, Lewiston Area",8,Lewiston,Lewiston
50027,27,21.1,51.5,2.44,16.9,0.5,0.6,15.7,26.2,0.3,0.2,0.5,0.1,0.5,0.6,0.4,14.2,5.7,0.0,2.5,1.1,0,0,0,0,57669,0,0,0,2,5,CACHE,1,North Cache County,2,"Trenton, Cornish, Lewiston Area",8,Lewiston,Lewiston
50028,28,21.2,44.9,2.12,0.0,0.0,0.0,0.0,12.1,0.0,0.0,0.0,0.0,0.0,0.0,0.0,0.0,9.1,0.0,1.9,1.1,0,0,0,0,54740,0,0,0,2,5,CACHE,1,North Cache County,2,"Trenton, Cornish, Lewiston Area",8,Lewiston,Lewiston
50029,29,23.0,66.7,2.89,0.0,0.0,0.0,0.0,14.1,0.0,0.0,0.0,0.0,0.0,0.0,0.0,0.0,9.1,0.0,3.8,1.2,0,0,0,0,54740,0,0,0,2,5,CACHE,1,North Cache County,2,"Trenton, Cornish, Lewiston Area",8,Lewiston,Lewiston
50030,30,26.9,63.5,2.36,9.9,1.0,1.2,7.7,20.2,0.6,0.4,1.0,0.2,1.0,4.5,0.8,1.4,5.7,0.0,3.2,1.5,0,0,0,0,57669,0,0,0,2,5,CACHE,1,North Cache County,2,"Trenton, Cornish, Lewiston Area",8,Lewiston,Lewiston
50031,31,214.5,549.0,2.56,0.0,0.0,0.0,0.0,33.1,0.0,0.0,0.0,0.0,0.0,0.0,0.0,0.0,5.7,0.0,15.8,11.6,0,0,0,0,57669,0,0,0,2,5,CACHE,1,North Cache County,2,"Trenton, Cornish, Lewiston Area",8,Lewiston,Lewiston
50032,32,63.3,190.4,3.01,191.3,0.6,2.6,188.0,202.9,0.4,0.2,0.6,2.0,0.6,169.2,17.4,0.9,5.7,0.0,2.5,3.4,0,0,0,0,57669,478,0,0,2,5,CACHE,1,North Cache County,2,"Trenton, Cornish, Lewiston Area",8,Lewiston,Lewiston
50033,33,52.0,137.6,2.65,411.8,25.6,269.6,116.6,425.9,16.0,9.7,264.2,5.4,26.4,27.5,22.1,40.6,5.7,0.0,5.7,2.8,0,0,0,0,57669,0,0,0,2,5,CACHE,1,North Cache County,2,"Trenton, Cornish, Lewiston Area",8,Lewiston,Lewiston
50034,34,0.0,0.0,0.00,0.0,0.0,0.0,0.0,5.7,0.0,0.0,0.0,0.0,0.0,0.0,0.0,0.0,5.7,0.0,0.0,0.0,0,0,0,0,54740,0,0,0,2,5,CACHE,1,North Cache County,2,"Trenton, Cornish, Lewiston Area",8,Lewiston,Lewiston
50035,35,11.7,29.6,2.52,0.0,0.0,0.0,0.0,7.5,0.0,0.0,0.0,0.0,0.0,0.0,0.0,0.0,5.7,0.0,1.3,0.6,0,0,0,0,54740,0,0,0,2,5,CACHE,1,North Cache County,2,"Trenton, Cornish, Lewiston Area",8,Lewiston,Lewiston
50036,36,32.6,116.4,3.57,13.6,1.3,6.7,5.6,27.0,0.8,0.5,1.3,5.4,1.3,1.4,1.1,1.8,9.1,0.0,2.5,1.8,0,0,0,0,54740,0,0,0,2,5,CACHE,1,North Cache County,2,"Trenton, Cornish, Lewiston Area",8,Lewiston,Lewiston
50037,37,33.3,110.4,3.31,25.8,5.4,5.5,15.0,38.6,5.3,0.1,0.2,5.3,0.2,0.2,0.2,14.4,9.1,0.0,1.9,1.8,0,0,0,0,57669,0,0,0,2,5,CACHE,1,North Cache County,2,"Trenton, Cornish, Lewiston Area",8,Lewiston,Lewiston
50038,38,29.6,82.8,2.80,0.0,0.0,0.0,0.0,13.2,0.0,0.0,0.0,0.0,0.0,0.0,0.0,0.0,9.1,0.0,2.5,1.6,0,0,0,0,57669,0,0,0,2,5,CACHE,1,North Cache County,2,"Trenton, Cornish, Lewiston Area",8,Lewiston,Lewiston
50039,39,21.9,59.1,2.69,0.0,0.0,0.0,0.0,13.4,0.0,0.0,0.0,0.0,0.0,0.0,0.0,0.0,9.1,0.0,3.2,1.2,0,0,0,0,57669,0,0,0,2,5,CACHE,1,North Cache County,2,"Trenton, Cornish, Lewiston Area",8,Lewiston,Lewiston
50040,40,13.1,45.8,3.50,3.9,0.4,0.5,3.1,10.9,0.2,0.1,0.4,0.1,0.4,0.4,1.7,0.5,5.7,0.0,0.6,0.7,0,0,0,0,57669,0,0,0,2,5,CACHE,1,North Cache County,2,"Trenton, Cornish, Lewiston Area",8,Lewiston,Lewiston
50041,41,17.2,46.2,2.69,11.8,0.6,0.7,10.5,20.2,0.4,0.2,0.6,0.1,0.6,0.6,0.5,8.8,5.7,0.0,1.9,0.9,0,0,0,0,54740,0,0,0,2,5,CACHE,1,North Cache County,2,"Trenton, Cornish, Lewiston Area",8,Lewiston,Lewiston
50042,42,14.9,35.8,2.40,0.0,0.0,0.0,0.0,8.4,0.0,0.0,0.0,0.0,0.0,0.0,0.0,0.0,5.7,0.0,1.9,0.8,0,0,0,0,54740,0,0,0,2,5,CACHE,1,North Cache County,2,"Trenton, Cornish, Lewiston Area",8,Lewiston,Lewiston
50043,43,38.9,132.4,3.40,0.0,0.0,0.0,0.0,16.9,0.0,0.0,0.0,0.0,0.0,0.0,0.0,0.0,9.1,0.0,5.7,2.1,0,0,0,0,54740,0,0,0,2,5,CACHE,1,North Cache County,2,"Trenton, Cornish, Lewiston Area",8,Lewiston,Lewiston
50044,44,23.4,63.0,2.69,0.0,0.0,0.0,0.0,16.1,0.0,0.0,0.0,0.0,0.0,0.0,0.0,0.0,9.1,0.0,5.7,1.3,0,0,0,0,57669,0,0,0,2,5,CACHE,1,North Cache County,2,"Trenton, Cornish, Lewiston Area",8,Lewiston,Lewiston
50045,45,27.7,83.9,3.03,0.0,0.0,0.0,0.0,12.2,0.0,0.0,0.0,0.0,0.0,0.0,0.0,0.0,5.7,0.0,5.1,1.5,0,0,0,0,57669,0,0,0,2,5,CACHE,1,North Cache County,2,"Trenton, Cornish, Lewiston Area",8,Lewiston,Lewiston
50046,46,25.7,75.7,2.94,0.0,0.0,0.0,0.0,10.9,0.0,0.0,0.0,0.0,0.0,0.0,0.0,0.0,5.7,0.0,3.8,1.4,0,0,0,0,57669,0,0,0,2,5,CACHE,1,North Cache County,2,"Trenton, Cornish, Lewiston Area",8,Lewiston,Lewiston
50047,47,2.6,7.4,2.81,0.0,0.0,0.0,0.0,1.4,0.0,0.0,0.0,0.0,0.0,0.0,0.0,0.0,0.0,0.0,1.3,0.1,0,0,0,0,57669,0,0,0,2,5,CACHE,1,North Cache County,2,"Trenton, Cornish, Lewiston Area",8,Lewiston,Lewiston
50048,48,2.6,7.4,2.81,0.0,0.0,0.0,0.0,1.4,0.0,0.0,0.0,0.0,0.0,0.0,0.0,0.0,0.0,0.0,1.3,0.1,0,0,0,0,57669,0,0,0,2,5,CACHE,1,North Cache County,2,"Trenton, Cornish, Lewiston Area",8,Lewiston,Lewiston
50049,49,2.8,7.7,2.81,0.0,0.0,0.0,0.0,1.4,0.0,0.0,0.0,0.0,0.0,0.0,0.0,0.0,0.0,0.0,1.3,0.1,0,0,0,0,57669,0,0,0,2,5,CACHE,1,North Cache County,2,"Trenton, Cornish, Lewiston Area",8,Lewiston,Lewiston
50050,50,77.7,224.2,2.88,0.0,0.0,0.0,0.0,9.9,0.0,0.0,0.0,0.0,0.0,0.0,0.0,0.0,0.0,0.0,5.7,4.2,0,0,0,0,56674,0,0,0,2,5,CACHE,1,North Cache County,1,Clarkston Area,16,Clarkston,Clarkston
50051,51,54.3,159.9,2.94,8.9,0.0,3.2,5.7,16.9,0.0,0.0,0.0,3.2,0.0,0.0,0.0,5.7,0.0,0.0,5.1,2.9,0,0,0,0,56674,0,0,0,2,5,CACHE,1,North Cache County,1,Clarkston Area,16,Clarkston,Clarkston
50052,52,15.8,45.5,2.88,0.0,0.0,0.0,0.0,3.4,0.0,0.0,0.0,0.0,0.0,0.0,0.0,0.0,0.0,0.0,2.5,0.9,0,0,0,0,56674,0,0,0,2,5,CACHE,1,North Cache County,1,Clarkston Area,16,Clarkston,Clarkston
50053,53,18.1,35.8,1.98,0.0,0.0,0.0,0.0,2.3,0.0,0.0,0.0,0.0,0.0,0.0,0.0,0.0,0.0,0.0,1.3,1.0,0,0,0,0,56674,0,0,0,2,5,CACHE,1,North Cache County,1,Clarkston Area,16,Clarkston,Clarkston
50054,54,78.3,214.8,2.74,6.1,0.3,4.7,1.1,15.3,0.2,0.1,0.3,4.4,0.3,0.3,0.2,0.4,0.0,0.0,5.1,4.2,0,0,0,0,56674,0,0,0,2,5,CACHE,1,North Cache County,1,Clarkston Area,16,Clarkston,Clarkston
50055,55,72.8,178.1,2.45,23.9,1.4,3.8,18.7,30.4,0.9,0.5,1.5,2.3,1.5,14.0,1.2,2.0,0.0,0.0,2.5,3.9,0,0,0,0,56674,0,0,0,2,5,CACHE,1,North Cache County,1,Clarkston Area,16,Clarkston,Clarkston
50056,56,22.8,79.3,3.48,0.0,0.0,0.0,0.0,4.4,0.0,0.0,0.0,0.0,0.0,0.0,0.0,0.0,0.0,0.0,3.2,1.2,0,0,0,0,56674,0,0,0,2,5,CACHE,1,North Cache County,1,Clarkston Area,16,Clarkston,Clarkston
50057,57,11.0,26.2,2.39,0.0,0.0,0.0,0.0,1.9,0.0,0.0,0.0,0.0,0.0,0.0,0.0,0.0,0.0,0.0,1.3,0.6,0,0,0,0,56674,0,0,0,2,5,CACHE,1,North Cache County,1,Clarkston Area,16,Clarkston,Clarkston
50058,58,4.3,11.5,2.66,0.0,0.0,0.0,0.0,6.5,0.0,0.0,0.0,0.0,0.0,0.0,0.0,0.0,5.7,0.0,0.6,0.2,0,0,0,0,54740,0,0,0,2,5,CACHE,1,North Cache County,2,"Trenton, Cornish, Lewiston Area",15,Trenton,Trenton
50059,59,9.6,15.9,1.66,0.0,0.0,0.0,0.0,6.8,0.0,0.0,0.0,0.0,0.0,0.0,0.0,0.0,5.7,0.0,0.6,0.5,0,0,0,0,54740,0,0,0,2,5,CACHE,1,North Cache County,2,"Trenton, Cornish, Lewiston Area",15,Trenton,Trenton
50060,60,8.3,13.8,1.66,0.0,0.0,0.0,0.0,7.3,0.0,0.0,0.0,0.0,0.0,0.0,0.0,0.0,5.7,0.0,1.3,0.4,0,0,0,0,54740,0,0,0,2,5,CACHE,1,North Cache County,2,"Trenton, Cornish, Lewiston Area",15,Trenton,Trenton
50061,61,0.0,0.0,0.00,0.0,0.0,0.0,0.0,5.7,0.0,0.0,0.0,0.0,0.0,0.0,0.0,0.0,5.7,0.0,0.0,0.0,0,0,0,0,54740,0,0,0,2,5,CACHE,1,North Cache County,2,"Trenton, Cornish, Lewiston Area",15,Trenton,Trenton
50062,62,52.1,101.7,1.95,13.1,0.5,3.8,8.7,26.0,0.3,0.2,0.6,3.2,0.5,4.2,0.5,3.6,5.7,0.0,4.4,2.8,0,0,0,0,54740,0,0,0,2,5,CACHE,1,North Cache County,2,"Trenton, Cornish, Lewiston Area",15,Trenton,Trenton
50063,63,0.0,0.0,0.00,0.0,0.0,0.0,0.0,0.0,0.0,0.0,0.0,0.0,0.0,0.0,0.0,0.0,0.0,0.0,0.0,0.0,0,0,0,0,54740,0,0,0,2,5,CACHE,1,North Cache County,2,"Trenton, Cornish, Lewiston Area",15,Trenton,Trenton
50064,64,5.0,6.0,1.20,0.0,0.0,0.0,0.0,1.6,0.0,0.0,0.0,0.0,0.0,0.0,0.0,0.0,0.0,0.0,1.3,0.3,0,0,0,0,54740,0,0,0,2,5,CACHE,1,North Cache County,2,"Trenton, Cornish, Lewiston Area",15,Trenton,Trenton
50065,65,5.1,13.4,2.66,0.0,0.0,0.0,0.0,7.2,0.0,0.0,0.0,0.0,0.0,0.0,0.0,0.0,5.7,0.0,1.3,0.3,0,0,0,0,65252,0,0,0,2,5,CACHE,1,North Cache County,2,"Trenton, Cornish, Lewiston Area",15,Trenton,Trenton
50066,66,15.1,36.4,2.41,1.1,0.2,0.2,0.8,8.2,0.1,0.1,0.2,0.0,0.2,0.2,0.1,0.2,5.7,0.0,0.6,0.8,0,0,0,0,51765,0,0,0,2,5,CACHE,1,North Cache County,2,"Trenton, Cornish, Lewiston Area",15,Trenton,Trenton
50067,67,44.7,173.2,3.87,0.0,0.0,0.0,0.0,13.1,0.0,0.0,0.0,0.0,0.0,0.0,0.0,0.0,5.7,0.0,5.1,2.4,0,0,0,0,51765,0,0,0,2,5,CACHE,1,North Cache County,2,"Trenton, Cornish, Lewiston Area",15,Trenton,Trenton
50068,68,12.5,34.7,2.78,0.0,0.0,0.0,0.0,7.6,0.0,0.0,0.0,0.0,0.0,0.0,0.0,0.0,5.7,0.0,1.3,0.7,0,0,0,0,51765,0,0,0,2,5,CACHE,1,North Cache County,2,"Trenton, Cornish, Lewiston Area",15,Trenton,Trenton
50069,69,31.0,87.4,2.82,0.0,0.0,0.0,0.0,8.6,0.0,0.0,0.0,0.0,0.0,0.0,0.0,0.0,5.7,0.0,1.3,1.7,0,0,0,0,51765,0,0,0,2,5,CACHE,1,North Cache County,2,"Trenton, Cornish, Lewiston Area",15,Trenton,Trenton
50070,70,4.3,22.3,5.15,0.0,0.0,0.0,0.0,0.8,0.0,0.0,0.0,0.0,0.0,0.0,0.0,0.0,0.0,0.0,0.6,0.2,0,0,0,0,51765,0,0,0,2,5,CACHE,1,North Cache County,2,"Trenton, Cornish, Lewiston Area",15,Trenton,Trenton
50071,71,18.7,45.0,2.41,5.5,0.2,4.7,0.7,14.0,0.1,0.1,0.2,4.5,0.2,0.2,0.1,0.2,5.7,0.0,1.9,1.0,0,0,0,0,51765,0,0,0,2,5,CACHE,1,North Cache County,2,"Trenton, Cornish, Lewiston Area",15,Trenton,Trenton
50072,72,13.7,70.5,5.15,0.0,0.0,0.0,0.0,7.6,0.0,0.0,0.0,0.0,0.0,0.0,0.0,0.0,5.7,0.0,1.3,0.7,0,0,0,0,51765,0,0,0,2,5,CACHE,1,North Cache County,2,"Trenton, Cornish, Lewiston Area",15,Trenton,Trenton
50073,73,18.8,38.1,2.02,0.0,0.0,0.0,0.0,8.6,0.0,0.0,0.0,0.0,0.0,0.0,0.0,0.0,5.7,0.0,1.9,1.0,0,0,0,0,51765,0,0,0,2,5,CACHE,1,North Cache County,2,"Trenton, Cornish, Lewiston Area",15,Trenton,Trenton
50074,74,0.0,0.0,0.00,0.0,0.0,0.0,0.0,5.7,0.0,0.0,0.0,0.0,0.0,0.0,0.0,0.0,5.7,0.0,0.0,0.0,0,0,0,0,51765,0,0,0,2,5,CACHE,1,North Cache County,2,"Trenton, Cornish, Lewiston Area",15,Trenton,Trenton
50075,75,0.1,0.5,3.50,0.0,0.0,0.0,0.0,6.3,0.0,0.0,0.0,0.0,0.0,0.0,0.0,0.0,5.7,0.0,0.6,0.0,0,0,0,0,51765,0,0,0,2,5,CACHE,2,West Cache County,5,Amalga Area,18,Amalga,Amalga
50076,76,0.0,0.0,0.00,0.0,0.0,0.0,0.0,9.1,0.0,0.0,0.0,0.0,0.0,0.0,0.0,0.0,9.1,0.0,0.0,0.0,0,0,0,0,51765,0,0,0,2,5,CACHE,2,West Cache County,5,Amalga Area,18,Amalga,Amalga
50077,77,0.2,0.4,2.41,34.3,2.0,2.5,29.9,35.6,1.2,0.7,2.0,0.4,2.0,2.1,1.7,24.1,0.0,0.0,1.3,0.0,0,0,0,0,51765,0,0,0,2,5,CACHE,2,West Cache County,5,Amalga Area,18,Amalga,Amalga
50078,78,2.2,5.6,2.55,5.4,0.0,0.0,5.4,10.0,0.0,0.0,0.0,0.0,0.0,5.4,0.0,0.0,0.0,0.0,4.4,0.1,0,0,0,0,51765,0,0,0,2,5,CACHE,2,West Cache County,5,Amalga Area,18,Amalga,Amalga
50079,79,0.0,0.0,0.00,0.0,0.0,0.0,0.0,9.1,0.0,0.0,0.0,0.0,0.0,0.0,0.0,0.0,9.1,0.0,0.0,0.0,0,0,0,0,51765,0,0,0,2,5,CACHE,2,West Cache County,5,Amalga Area,18,Amalga,Amalga
50080,80,2.3,5.1,2.20,1.0,0.0,1.0,0.0,7.4,0.0,0.0,1.0,0.0,0.0,0.0,0.0,0.0,0.0,0.0,6.3,0.1,0,0,0,0,51765,0,0,0,2,5,CACHE,2,West Cache County,5,Amalga Area,18,Amalga,Amalga
50081,81,0.1,0.3,2.55,0.0,0.0,0.0,0.0,0.6,0.0,0.0,0.0,0.0,0.0,0.0,0.0,0.0,0.0,0.0,0.6,0.0,0,0,0,0,51765,0,0,0,2,5,CACHE,2,West Cache County,5,Amalga Area,18,Amalga,Amalga
50082,82,0.0,0.0,0.00,0.0,0.0,0.0,0.0,9.1,0.0,0.0,0.0,0.0,0.0,0.0,0.0,0.0,9.1,0.0,0.0,0.0,0,0,0,0,51765,0,0,0,2,5,CACHE,2,West Cache County,5,Amalga Area,18,Amalga,Amalga
50083,83,1.0,2.7,2.79,28.9,0.0,28.9,0.0,33.4,0.0,0.0,0.0,28.9,0.0,0.0,0.0,0.0,0.0,0.0,4.4,0.1,0,0,0,0,51765,0,0,0,2,5,CACHE,2,West Cache County,5,Amalga Area,18,Amalga,Amalga
50084,84,5.5,16.1,2.91,0.0,0.0,0.0,0.0,7.3,0.0,0.0,0.0,0.0,0.0,0.0,0.0,0.0,0.0,0.0,7.0,0.3,0,0,0,0,51765,0,0,0,2,5,CACHE,2,West Cache County,5,Amalga Area,18,Amalga,Amalga
50085,85,0.0,0.0,0.00,0.0,0.0,0.0,0.0,5.7,0.0,0.0,0.0,0.0,0.0,0.0,0.0,0.0,5.7,0.0,0.0,0.0,0,0,0,0,51765,0,0,0,2,5,CACHE,2,West Cache County,5,Amalga Area,18,Amalga,Amalga
50086,86,0.0,0.0,0.00,0.0,0.0,0.0,0.0,0.0,0.0,0.0,0.0,0.0,0.0,0.0,0.0,0.0,0.0,0.0,0.0,0.0,0,0,0,0,51765,0,0,0,2,5,CACHE,2,West Cache County,5,Amalga Area,18,Amalga,Amalga
50087,87,8.8,25.2,2.87,0.0,0.0,0.0,0.0,0.5,0.0,0.0,0.0,0.0,0.0,0.0,0.0,0.0,0.0,0.0,0.0,0.5,0,0,0,0,51765,0,0,0,2,5,CACHE,2,West Cache County,5,Amalga Area,18,Amalga,Amalga
50088,88,0.0,0.0,2.55,0.0,0.0,0.0,0.0,9.1,0.0,0.0,0.0,0.0,0.0,0.0,0.0,0.0,9.1,0.0,0.0,0.0,0,0,0,0,51765,0,0,0,2,5,CACHE,2,West Cache County,5,Amalga Area,18,Amalga,Amalga
50089,89,0.0,0.0,0.00,0.0,0.0,0.0,0.0,0.0,0.0,0.0,0.0,0.0,0.0,0.0,0.0,0.0,0.0,0.0,0.0,0.0,0,0,0,0,51765,0,0,0,2,5,CACHE,2,West Cache County,5,Amalga Area,18,Amalga,Amalga
50090,90,3.4,8.7,2.55,535.5,18.6,434.9,82.0,547.8,11.6,7.0,420.4,14.4,19.3,20.0,16.2,26.5,0.0,0.0,12.0,0.2,0,0,0,0,51765,0,0,0,2,5,CACHE,2,West Cache County,5,Amalga Area,18,Amalga,Amalga
50091,91,0.1,0.3,5.25,0.0,0.0,0.0,0.0,6.3,0.0,0.0,0.0,0.0,0.0,0.0,0.0,0.0,5.7,0.0,0.6,0.0,0,0,0,0,51765,0,0,0,2,5,CACHE,2,West Cache County,5,Amalga Area,18,Amalga,Amalga
50092,92,0.5,0.6,1.20,0.0,0.0,0.0,0.0,8.2,0.0,0.0,0.0,0.0,0.0,0.0,0.0,0.0,5.7,0.0,2.5,0.0,0,0,0,0,51765,0,0,0,2,5,CACHE,2,West Cache County,5,Amalga Area,18,Amalga,Amalga
50093,93,19.4,59.5,3.06,54.1,6.4,9.0,38.6,76.3,4.0,2.4,6.7,2.3,6.5,6.9,5.5,19.8,14.7,0.0,6.3,1.1,0,0,0,0,51765,0,0,0,2,5,CACHE,2,West Cache County,5,Amalga Area,18,Amalga,Amalga
50094,94,2.1,5.7,2.71,0.0,0.0,0.0,0.0,6.4,0.0,0.0,0.0,0.0,0.0,0.0,0.0,0.0,5.7,0.0,0.6,0.1,0,0,0,0,65252,0,0,0,2,5,CACHE,2,West Cache County,4,Newton Area,20,Newton,Newton
50095,95,38.4,81.5,2.12,0.0,0.0,0.0,0.0,7.2,0.0,0.0,0.0,0.0,0.0,0.0,0.0,0.0,0.0,0.0,5.1,2.1,0,0,0,0,65252,0,0,0,2,5,CACHE,2,West Cache County,4,Newton Area,20,Newton,Newton
50096,96,77.6,272.6,3.51,13.5,0.0,6.3,7.2,22.8,0.0,0.0,0.0,6.3,0.0,0.0,1.6,5.7,0.0,0.0,5.1,4.2,0,0,0,0,65252,0,0,0,2,5,CACHE,2,West Cache County,4,Newton Area,20,Newton,Newton
50097,97,17.7,37.2,2.10,5.4,0.0,0.0,5.4,9.0,0.0,0.0,0.0,0.0,0.0,0.0,0.0,5.4,0.0,0.0,2.5,1.0,0,0,0,0,65252,0,0,0,2,5,CACHE,2,West Cache County,4,Newton Area,20,Newton,Newton
50098,98,81.1,215.0,2.65,0.0,0.0,0.0,0.0,12.0,0.0,0.0,0.0,0.0,0.0,0.0,0.0,0.0,0.0,0.0,7.6,4.4,0,0,0,0,65252,0,0,0,2,5,CACHE,2,West Cache County,4,Newton Area,20,Newton,Newton
50099,99,97.4,251.0,2.58,80.1,7.8,5.2,67.1,93.0,6.2,1.6,4.4,0.9,5.9,50.2,5.0,5.9,0.0,0.0,7.6,5.3,0,0,0,0,65252,0,0,0,2,5,CACHE,2,West Cache County,4,Newton Area,20,Newton,Newton
50100,100,5.3,14.3,2.71,0.0,0.0,0.0,0.0,7.2,0.0,0.0,0.0,0.0,0.0,0.0,0.0,0.0,5.7,0.0,1.3,0.3,0,0,0,0,65252,0,0,0,2,5,CACHE,2,West Cache County,4,Newton Area,20,Newton,Newton
50101,101,0.0,0.0,0.00,0.0,0.0,0.0,0.0,5.7,0.0,0.0,0.0,0.0,0.0,0.0,0.0,0.0,5.7,0.0,0.0,0.0,0,0,0,0,65252,0,0,0,2,5,CACHE,2,West Cache County,4,Newton Area,20,Newton,Newton
50102,102,4.5,12.7,2.82,0.0,0.0,0.0,0.0,8.4,0.0,0.0,0.0,0.0,0.0,0.0,0.0,0.0,5.7,0.0,2.5,0.2,0,0,0,0,65252,0,0,0,2,5,CACHE,2,West Cache County,4,Newton Area,20,Newton,Newton
50103,103,24.0,110.2,4.60,0.0,0.0,0.0,0.0,13.9,0.0,0.0,0.0,0.0,0.0,0.0,0.0,0.0,5.7,0.0,7.0,1.3,0,0,0,0,48909,0,0,0,2,5,CACHE,1,North Cache County,3,Richmond Area,14,Richmond,Richmond
50104,104,27.0,89.8,3.33,19.7,2.6,5.3,11.8,23.7,1.6,1.0,4.7,0.5,2.8,2.9,2.4,3.8,0.0,0.0,2.5,1.5,0,0,0,0,48909,0,0,0,2,5,CACHE,1,North Cache County,3,Richmond Area,14,Richmond,Richmond
50105,105,58.1,169.6,2.92,256.7,0.0,29.1,227.7,263.0,0.0,0.0,29.1,0.0,17.6,210.1,0.0,0.0,0.0,0.0,3.2,3.1,0,0,0,0,48909,0,0,0,2,5,CACHE,1,North Cache County,3,Richmond Area,14,Richmond,Richmond
50106,106,118.2,425.6,3.60,2.8,1.5,0.3,1.0,16.2,1.4,0.1,0.2,0.0,0.2,0.2,0.2,0.3,0.0,0.0,7.0,6.4,0,0,0,0,48909,0,0,0,2,5,CACHE,1,North Cache County,3,Richmond Area,14,Richmond,Richmond
50107,107,198.3,487.6,2.46,13.6,0.0,0.0,13.6,30.6,0.0,0.0,0.0,0.0,0.0,0.0,0.0,13.6,0.0,0.0,6.3,10.7,0,0,0,0,48909,0,0,0,2,5,CACHE,1,North Cache County,3,Richmond Area,14,Richmond,Richmond
50108,108,55.4,184.1,3.32,7.8,0.5,0.7,6.7,17.8,0.3,0.2,0.5,0.1,3.6,0.6,1.8,0.7,5.7,0.0,1.3,3.0,0,0,0,0,48909,0,0,0,2,5,CACHE,1,North Cache County,3,Richmond Area,14,Richmond,Richmond
50109,109,30.2,135.9,4.50,15.4,1.8,3.2,10.4,19.5,1.1,0.7,1.9,1.4,1.8,1.9,1.5,5.2,0.0,0.0,2.5,1.6,0,0,0,0,65834,0,0,0,2,5,CACHE,1,North Cache County,3,Richmond Area,14,Richmond,Richmond
50110,110,32.9,86.5,2.63,0.0,0.0,0.0,0.0,7.5,0.0,0.0,0.0,0.0,0.0,0.0,0.0,0.0,0.0,0.0,5.7,1.8,0,0,0,0,65834,0,0,0,2,5,CACHE,1,North Cache County,3,Richmond Area,14,Richmond,Richmond
50111,111,45.1,121.5,2.69,20.4,6.1,3.2,11.1,27.2,5.2,1.0,2.6,0.5,2.6,2.7,2.2,3.6,0.0,0.0,4.4,2.4,0,0,0,0,65834,0,0,0,2,5,CACHE,1,North Cache County,3,Richmond Area,14,Richmond,Richmond
50112,112,38.0,89.6,2.36,158.0,71.2,8.7,78.1,162.0,46.1,25.1,7.3,1.5,14.0,46.1,5.9,12.0,0.0,0.0,1.9,2.1,0,0,0,0,65834,396,0,0,2,5,CACHE,1,North Cache County,3,Richmond Area,14,Richmond,Richmond
50113,113,91.4,262.8,2.88,10.8,0.0,7.2,3.7,20.8,0.0,0.0,0.0,7.2,3.7,0.0,0.0,0.0,0.0,0.0,5.1,4.9,0,0,0,0,65834,0,0,0,2,5,CACHE,1,North Cache County,3,Richmond Area,14,Richmond,Richmond
50114,114,12.9,34.0,2.63,0.0,0.0,0.0,0.0,1.3,0.0,0.0,0.0,0.0,0.0,0.0,0.0,0.0,0.0,0.0,0.6,0.7,0,0,0,0,65834,0,0,0,2,5,CACHE,1,North Cache County,3,Richmond Area,14,Richmond,Richmond
50115,115,0.0,0.0,0.00,0.0,0.0,0.0,0.0,5.7,0.0,0.0,0.0,0.0,0.0,0.0,0.0,0.0,5.7,0.0,0.0,0.0,0,0,0,0,65834,0,0,0,2,5,CACHE,1,North Cache County,3,Richmond Area,14,Richmond,Richmond
50116,116,5.2,17.1,3.28,2.0,0.0,2.0,0.0,8.6,0.0,0.0,2.0,0.0,0.0,0.0,0.0,0.0,5.7,0.0,0.6,0.3,0,0,0,0,65834,0,0,0,2,5,CACHE,1,North Cache County,3,Richmond Area,14,Richmond,Richmond
50117,117,16.5,59.5,3.61,133.4,13.6,19.0,100.7,140.0,8.5,5.2,14.3,4.7,14.1,14.6,29.5,42.5,0.0,0.0,5.7,0.9,0,0,0,0,65834,0,0,0,2,5,CACHE,1,North Cache County,3,Richmond Area,14,Richmond,Richmond
50118,118,165.7,471.0,2.84,212.7,0.0,0.0,212.7,224.9,0.0,0.0,0.0,0.0,1.1,201.3,5.8,4.5,0.0,0.0,3.2,9.0,0,0,0,0,65834,0,1157,0,2,5,CACHE,1,North Cache County,3,Richmond Area,14,Richmond,Richmond
50119,119,94.5,259.9,2.75,27.7,2.2,14.4,11.1,38.5,1.3,0.8,14.0,0.5,3.9,2.3,1.8,3.1,0.0,0.0,5.7,5.1,0,0,0,0,65834,0,0,0,2,5,CACHE,1,North Cache County,3,Richmond Area,14,Richmond,Richmond
50120,120,40.6,123.4,3.04,0.0,0.0,0.0,0.0,6.6,0.0,0.0,0.0,0.0,0.0,0.0,0.0,0.0,0.0,0.0,4.4,2.2,0,0,0,0,65834,0,0,0,2,5,CACHE,1,North Cache County,3,Richmond Area,14,Richmond,Richmond
50121,121,16.5,39.2,2.38,0.0,0.0,0.0,0.0,4.7,0.0,0.0,0.0,0.0,0.0,0.0,0.0,0.0,0.0,0.0,3.8,0.9,0,0,0,0,65834,0,0,0,2,5,CACHE,1,North Cache County,3,Richmond Area,14,Richmond,Richmond
50122,122,4.0,6.6,1.64,0.0,0.0,0.0,0.0,6.5,0.0,0.0,0.0,0.0,0.0,0.0,0.0,0.0,5.7,0.0,0.6,0.2,0,0,0,0,65834,0,0,0,2,5,CACHE,1,North Cache County,3,Richmond Area,14,Richmond,Richmond
50123,123,33.0,90.6,2.75,231.8,12.9,158.0,60.9,239.3,8.1,4.8,155.3,2.7,17.9,13.7,11.0,18.3,0.0,0.0,5.7,1.8,0,0,0,0,65834,0,0,0,2,5,CACHE,1,North Cache County,3,Richmond Area,14,Richmond,Richmond
50124,124,81.2,222.6,2.74,22.8,2.4,3.1,17.3,34.8,1.5,0.9,2.6,0.5,9.0,2.6,2.1,3.5,0.0,0.0,7.6,4.4,0,0,0,0,65834,0,0,0,2,5,CACHE,1,North Cache County,3,Richmond Area,14,Richmond,Richmond
50125,125,25.8,68.9,2.67,0.0,0.0,0.0,0.0,2.7,0.0,0.0,0.0,0.0,0.0,0.0,0.0,0.0,0.0,0.0,1.3,1.4,0,0,0,0,61434,0,0,0,2,5,CACHE,3,North of Logan Area,8,Smithfield Area,23,Smithfield,Smithfield
50126,126,48.7,116.3,2.39,4.5,1.7,0.6,2.2,15.9,1.5,0.2,0.5,0.1,0.5,0.5,0.4,0.7,0.0,0.0,8.9,2.6,0,0,0,0,61434,0,0,0,2,5,CACHE,3,North of Logan Area,8,Smithfield Area,23,Smithfield,Smithfield
50127,127,207.5,600.0,2.89,25.3,2.5,3.2,19.6,59.9,1.6,1.0,2.6,0.5,6.0,2.7,2.2,8.7,0.0,0.0,23.4,11.2,0,0,0,0,61434,0,0,0,2,5,CACHE,3,North of Logan Area,8,Smithfield Area,23,Smithfield,Smithfield
50128,128,427.3,1420.2,3.32,227.0,12.5,48.0,166.5,299.5,7.8,4.7,23.6,24.4,26.7,13.4,11.8,114.7,0.0,0.0,49.4,23.1,0,0,0,0,81194,0,0,0,2,5,CACHE,3,North of Logan Area,8,Smithfield Area,23,Smithfield,Smithfield
50129,129,256.2,1026.3,4.01,7.0,3.7,0.7,2.6,81.9,0.4,3.3,0.6,0.1,0.6,0.6,0.5,0.8,3.4,0.0,57.6,13.9,0,0,0,0,81194,0,0,0,2,5,CACHE,3,North of Logan Area,8,Smithfield Area,23,Smithfield,Smithfield
50130,130,158.9,560.9,3.53,7.2,0.3,0.3,6.6,46.8,0.2,0.1,0.3,0.1,0.3,0.3,0.2,5.8,5.7,0.0,25.3,8.6,0,0,0,0,81194,0,0,0,2,5,CACHE,3,North of Logan Area,8,Smithfield Area,23,Smithfield,Smithfield
50131,131,287.9,1069.0,3.71,3.8,0.6,0.7,2.5,59.9,0.3,0.2,0.6,0.1,0.6,0.6,0.5,0.8,0.0,0.0,40.5,15.6,0,0,0,0,61434,591,0,0,2,5,CACHE,3,North of Logan Area,8,Smithfield Area,23,Smithfield,Smithfield
50132,132,46.0,183.2,3.98,11.5,0.0,11.5,0.0,21.6,0.0,0.0,0.0,11.5,0.0,0.0,0.0,0.0,0.0,0.0,7.6,2.5,0,0,0,0,61434,0,0,0,2,5,CACHE,3,North of Logan Area,8,Smithfield Area,23,Smithfield,Smithfield
50133,133,83.0,275.7,3.32,0.0,0.0,0.0,0.0,12.1,0.0,0.0,0.0,0.0,0.0,0.0,0.0,0.0,0.0,0.0,7.6,4.5,0,0,0,0,61434,0,0,0,2,5,CACHE,3,North of Logan Area,8,Smithfield Area,23,Smithfield,Smithfield
50134,134,99.3,286.6,2.89,2.7,0.0,0.0,2.7,22.0,0.0,0.0,0.0,0.0,0.0,0.0,0.0,2.7,0.0,0.0,13.9,5.4,0,0,0,0,81194,0,0,0,2,5,CACHE,3,North of Logan Area,8,Smithfield Area,23,Smithfield,Smithfield
50135,135,53.4,117.1,2.19,0.0,0.0,0.0,0.0,9.9,0.0,0.0,0.0,0.0,0.0,0.0,0.0,0.0,0.0,0.0,7.0,2.9,0,0,0,0,81194,0,0,0,2,5,CACHE,3,North of Logan Area,8,Smithfield Area,23,Smithfield,Smithfield
50136,136,113.9,316.1,2.78,31.7,0.6,28.7,2.4,63.8,0.3,0.2,28.5,0.1,0.6,0.6,0.5,0.8,0.0,0.0,26.0,6.2,0,0,0,0,81194,0,0,0,2,5,CACHE,3,North of Logan Area,8,Smithfield Area,23,Smithfield,Smithfield
50137,137,135.8,507.8,3.74,21.6,2.4,3.1,16.0,46.7,1.5,0.9,2.6,0.5,2.6,2.6,2.2,8.7,0.0,0.0,17.7,7.4,0,0,0,0,61434,0,0,0,2,5,CACHE,3,North of Logan Area,8,Smithfield Area,23,Smithfield,Smithfield
50138,138,127.1,301.6,2.37,56.1,27.3,5.8,22.9,76.3,25.6,1.7,4.8,1.0,4.8,5.0,4.0,9.2,0.0,0.0,13.3,6.9,0,0,0,0,61434,0,0,0,2,5,CACHE,3,North of Logan Area,8,Smithfield Area,23,Smithfield,Smithfield
50139,139,217.2,627.4,2.89,199.6,97.6,35.5,66.5,239.9,11.6,86.0,19.2,16.3,16.4,11.9,9.5,28.8,0.0,0.0,28.5,11.8,0,0,0,0,81194,0,0,0,2,5,CACHE,3,North of Logan Area,8,Smithfield Area,23,Smithfield,Smithfield
50140,140,75.1,226.1,3.01,3.3,0.3,0.3,2.7,18.2,0.2,0.1,0.3,0.1,1.8,0.3,0.2,0.4,0.0,0.0,10.8,4.1,0,0,0,0,81194,0,0,0,2,5,CACHE,3,North of Logan Area,8,Smithfield Area,23,Smithfield,Smithfield
50141,141,148.5,291.8,1.96,56.3,6.6,8.3,41.4,78.9,4.1,2.5,7.0,1.4,8.6,7.1,5.8,19.9,0.0,0.0,14.6,8.0,0,0,0,0,63778,0,0,0,2,5,CACHE,3,North of Logan Area,8,Smithfield Area,23,Smithfield,Smithfield
50142,142,70.6,190.4,2.70,8.3,0.9,3.2,4.2,20.3,0.6,0.4,1.0,2.2,1.0,1.0,0.8,1.3,0.0,0.0,8.2,3.8,0,0,0,0,61434,0,0,0,2,5,CACHE,3,North of Logan Area,8,Smithfield Area,23,Smithfield,Smithfield
50143,143,43.5,139.2,3.20,192.4,26.5,4.5,161.4,200.5,25.7,0.8,2.1,2.4,2.1,144.2,1.8,13.3,0.0,0.0,5.7,2.4,0,0,0,0,61434,0,0,0,2,5,CACHE,3,North of Logan Area,8,Smithfield Area,23,Smithfield,Smithfield
50144,144,122.1,379.5,3.11,6.7,1.1,0.1,5.5,27.2,1.1,0.0,0.1,0.0,0.1,0.1,5.2,0.1,0.0,0.0,13.9,6.6,0,0,0,0,63778,0,0,0,2,5,CACHE,3,North of Logan Area,8,Smithfield Area,23,Smithfield,Smithfield
50145,145,142.3,370.6,2.60,309.8,40.4,8.8,260.6,334.6,11.3,29.1,7.3,1.5,7.2,70.2,6.0,177.1,0.0,0.0,17.1,7.7,0,0,0,0,63778,719,0,0,2,5,CACHE,3,North of Logan Area,8,Smithfield Area,23,Smithfield,Smithfield
50146,146,220.8,590.2,2.67,142.0,14.1,11.7,116.2,182.4,12.0,2.1,10.5,1.2,5.7,16.1,7.6,86.8,0.0,0.0,28.5,11.9,0,0,0,0,59220,0,0,0,2,5,CACHE,3,North of Logan Area,8,Smithfield Area,23,Smithfield,Smithfield
50147,147,113.9,221.4,1.94,4.5,0.0,0.0,4.5,20.9,0.0,0.0,0.0,0.0,0.0,1.8,0.0,2.8,0.0,0.0,10.1,6.2,0,0,0,0,59220,0,0,0,2,5,CACHE,3,North of Logan Area,8,Smithfield Area,23,Smithfield,Smithfield
50148,148,215.7,544.6,2.53,11.5,0.1,6.0,5.3,44.7,0.1,0.0,0.1,5.9,1.9,0.1,3.1,0.2,0.0,0.0,21.5,11.7,0,0,0,0,88970,0,0,0,2,5,CACHE,3,North of Logan Area,8,Smithfield Area,23,Smithfield,Smithfield
50149,149,28.4,99.7,3.51,0.0,0.0,0.0,0.0,2.1,0.0,0.0,0.0,0.0,0.0,0.0,0.0,0.0,0.0,0.0,0.6,1.5,0,0,0,0,59220,0,0,0,2,5,CACHE,3,North of Logan Area,8,Smithfield Area,23,Smithfield,Smithfield
50150,150,114.8,280.4,2.44,0.0,0.0,0.0,0.0,15.1,0.0,0.0,0.0,0.0,0.0,0.0,0.0,0.0,0.0,0.0,8.9,6.2,0,0,0,0,88970,0,0,0,2,5,CACHE,3,North of Logan Area,8,Smithfield Area,23,Smithfield,Smithfield
50151,151,140.1,427.4,3.05,29.7,0.0,0.0,29.7,53.1,0.0,0.0,0.0,0.0,9.0,0.0,11.7,9.0,0.0,0.0,15.8,7.6,0,0,0,0,88970,0,0,0,2,5,CACHE,3,North of Logan Area,8,Smithfield Area,23,Smithfield,Smithfield
50152,152,53.9,206.9,3.84,1.2,0.0,1.2,0.0,9.1,0.0,0.0,0.0,1.2,0.0,0.0,0.0,0.0,0.0,0.0,5.1,2.9,0,0,0,0,88970,0,0,0,2,5,CACHE,3,North of Logan Area,8,Smithfield Area,23,Smithfield,Smithfield
50153,153,128.0,459.4,3.59,10.4,0.4,0.5,9.5,37.6,0.3,0.2,0.5,0.1,0.4,0.5,7.9,0.6,0.0,0.0,20.3,6.9,0,0,0,0,88970,0,0,0,2,5,CACHE,3,North of Logan Area,8,Smithfield Area,23,Smithfield,Smithfield
50154,154,113.7,221.0,1.94,163.1,0.0,0.0,163.1,174.4,0.0,0.0,0.0,0.0,0.0,163.1,0.0,0.0,0.0,0.0,5.1,6.2,0,0,0,0,59220,762,0,0,2,5,CACHE,3,North of Logan Area,8,Smithfield Area,23,Smithfield,Smithfield
50155,155,148.2,421.7,2.85,3.0,0.1,0.1,2.8,31.9,0.1,0.0,0.1,0.0,0.1,0.1,2.5,0.1,0.0,0.0,20.9,8.0,0,0,0,0,88970,0,0,0,2,5,CACHE,3,North of Logan Area,8,Smithfield Area,23,Smithfield,Smithfield
50156,156,46.1,158.6,3.44,21.8,9.3,2.8,9.7,28.1,1.4,8.0,2.3,0.5,2.3,2.4,1.9,3.1,0.0,0.0,3.8,2.5,0,0,0,0,88970,0,0,0,2,5,CACHE,3,North of Logan Area,8,Smithfield Area,23,Smithfield,Smithfield
50157,157,74.2,249.2,3.36,7.1,0.2,1.2,5.7,18.7,0.1,0.1,0.3,0.9,4.9,0.3,0.2,0.3,0.0,0.0,7.6,4.0,0,0,0,0,88970,0,0,0,2,5,CACHE,3,North of Logan Area,8,Smithfield Area,23,Smithfield,Smithfield
50158,158,223.8,887.9,3.97,0.0,0.0,0.0,0.0,57.0,0.0,0.0,0.0,0.0,0.0,0.0,0.0,0.0,0.0,0.0,44.9,12.1,0,0,0,0,88970,0,0,0,2,5,CACHE,3,North of Logan Area,8,Smithfield Area,23,Smithfield,Smithfield
50159,159,11.8,52.0,4.41,18.7,0.0,3.3,15.4,24.5,0.0,0.0,0.0,3.3,0.0,0.0,15.4,0.0,4.5,0.0,0.6,0.6,0,0,0,0,63778,0,0,0,2,5,CACHE,3,North of Logan Area,8,Smithfield Area,23,Smithfield,Smithfield
50160,160,21.6,72.1,3.34,45.4,1.2,34.7,9.6,55.5,0.7,0.4,1.2,33.4,1.2,1.3,2.6,4.5,5.7,0.0,3.2,1.2,0,0,0,0,63778,0,0,0,2,5,CACHE,3,North of Logan Area,8,Smithfield Area,23,Smithfield,Smithfield
50161,161,97.6,221.2,2.27,0.0,0.0,0.0,0.0,19.2,0.0,0.0,0.0,0.0,0.0,0.0,0.0,0.0,0.0,0.0,13.9,5.3,0,0,0,0,63778,0,0,0,2,5,CACHE,3,North of Logan Area,8,Smithfield Area,23,Smithfield,Smithfield
50162,162,144.1,403.9,2.80,29.0,0.7,3.4,25.0,57.1,0.4,0.3,0.8,2.6,0.7,0.8,22.4,1.0,0.0,0.0,20.3,7.8,0,0,0,0,63778,0,0,0,2,5,CACHE,3,North of Logan Area,8,Smithfield Area,23,Smithfield,Smithfield
50163,163,17.9,68.8,3.84,54.5,6.0,21.6,26.8,58.6,3.7,2.3,6.4,15.2,6.3,6.5,5.3,8.6,0.0,0.0,3.2,1.0,0,0,0,0,63778,0,0,0,2,5,CACHE,3,North of Logan Area,8,Smithfield Area,23,Smithfield,Smithfield
50164,164,148.7,313.9,2.11,231.9,21.9,37.1,172.9,243.1,14.0,7.9,22.0,15.2,24.9,22.4,18.2,107.4,0.0,0.0,3.2,8.0,0,0,0,0,63778,0,0,0,2,5,CACHE,3,North of Logan Area,8,Smithfield Area,23,Smithfield,Smithfield
50165,165,124.4,322.9,2.60,0.0,0.0,0.0,0.0,20.6,0.0,0.0,0.0,0.0,0.0,0.0,0.0,0.0,0.0,0.0,13.9,6.7,0,0,0,0,59220,0,0,0,2,5,CACHE,3,North of Logan Area,8,Smithfield Area,23,Smithfield,Smithfield
50166,166,234.9,593.9,2.53,60.6,23.1,7.8,29.8,80.9,2.9,20.1,6.8,1.0,10.0,5.1,5.5,9.2,0.0,0.0,7.6,12.7,0,0,0,0,62773,0,0,0,2,5,CACHE,3,North of Logan Area,8,Smithfield Area,23,Smithfield,Smithfield
50167,167,75.1,220.1,2.93,432.0,0.0,1.7,430.3,439.9,0.0,0.0,0.0,1.7,0.0,401.1,25.9,3.3,0.0,0.0,3.8,4.1,0,0,0,0,62773,0,0,1390,2,5,CACHE,3,North of Logan Area,8,Smithfield Area,23,Smithfield,Smithfield
50168,168,260.1,902.6,3.47,27.2,0.0,22.1,5.1,61.6,0.0,0.0,22.1,0.0,5.1,0.0,0.0,0.0,0.0,0.0,20.3,14.1,0,0,0,0,62773,0,0,0,2,5,CACHE,3,North of Logan Area,8,Smithfield Area,23,Smithfield,Smithfield
50169,169,132.5,439.5,3.32,17.1,0.2,0.2,16.6,36.3,0.1,0.1,0.2,0.0,1.8,0.2,4.4,10.2,0.0,0.0,12.0,7.2,0,0,0,0,62773,0,0,0,2,5,CACHE,3,North of Logan Area,8,Smithfield Area,23,Smithfield,Smithfield
50170,170,168.9,581.9,3.45,22.3,8.4,1.5,12.5,46.6,7.9,0.4,1.2,0.2,4.6,1.2,2.5,4.2,0.0,0.0,15.2,9.1,0,0,0,0,62773,0,0,0,2,5,CACHE,3,North of Logan Area,8,Smithfield Area,23,Smithfield,Smithfield
50171,171,181.4,672.5,3.71,8.0,0.5,0.7,6.9,36.2,0.3,0.2,0.5,0.1,5.1,0.6,0.5,0.7,0.0,0.0,18.4,9.8,0,0,0,0,62773,0,0,0,2,5,CACHE,3,North of Logan Area,8,Smithfield Area,23,Smithfield,Smithfield
50172,172,8.1,21.0,2.58,0.0,0.0,0.0,0.0,6.8,0.0,0.0,0.0,0.0,0.0,0.0,0.0,0.0,4.5,0.0,1.9,0.4,0,0,0,0,63778,0,0,0,2,5,CACHE,3,North of Logan Area,8,Smithfield Area,23,Smithfield,Smithfield
50173,173,10.5,27.0,2.58,0.0,0.0,0.0,0.0,9.4,0.0,0.0,0.0,0.0,0.0,0.0,0.0,0.0,5.7,0.0,3.2,0.6,0,0,0,0,63778,0,0,0,2,5,CACHE,3,North of Logan Area,8,Smithfield Area,23,Smithfield,Smithfield
50174,174,6.0,20.4,3.39,783.4,109.9,395.4,278.2,789.4,56.9,53.0,363.6,31.8,47.3,49.3,105.2,76.4,0.0,0.0,5.7,0.3,0,0,0,0,63778,0,0,0,2,5,CACHE,3,North of Logan Area,8,Smithfield Area,23,Smithfield,Smithfield
50175,175,238.2,755.2,3.17,55.5,24.5,2.0,28.9,75.4,21.9,2.6,1.7,0.3,10.4,1.7,1.4,15.5,0.0,0.0,7.0,12.9,0,0,0,0,62773,0,0,0,2,5,CACHE,3,North of Logan Area,8,Smithfield Area,23,Smithfield,Smithfield
50176,176,166.6,397.4,2.39,728.1,378.3,22.4,327.4,739.6,300.6,77.7,18.6,3.7,60.6,154.8,22.9,89.2,0.0,0.0,2.5,9.0,0,0,0,0,62773,0,0,0,2,5,CACHE,3,North of Logan Area,8,Smithfield Area,23,Smithfield,Smithfield
50177,177,95.2,227.5,2.39,41.2,2.2,2.7,36.2,79.0,1.4,0.8,2.3,0.5,2.2,2.3,1.9,29.8,2.3,0.0,30.4,5.2,0,0,0,0,62773,0,0,0,2,5,CACHE,3,North of Logan Area,8,Smithfield Area,23,Smithfield,Smithfield
50178,178,2.4,6.6,2.76,144.2,11.3,20.7,112.2,146.9,7.0,4.3,11.9,8.9,11.7,12.1,44.5,43.8,0.0,0.0,2.5,0.1,0,0,0,0,63778,0,0,0,2,5,CACHE,3,North of Logan Area,8,Smithfield Area,23,Smithfield,Smithfield
50179,179,18.5,56.8,3.07,0.0,0.0,0.0,0.0,4.2,0.0,0.0,0.0,0.0,0.0,0.0,0.0,0.0,0.0,0.0,3.2,1.0,0,0,0,0,62773,0,0,0,2,5,CACHE,3,North of Logan Area,8,Smithfield Area,23,Smithfield,Smithfield
50180,180,10.0,25.8,2.58,0.0,0.0,0.0,0.0,4.0,0.0,0.0,0.0,0.0,0.0,0.0,0.0,0.0,2.3,0.0,1.3,0.5,0,0,0,0,62773,0,0,0,2,5,CACHE,3,North of Logan Area,8,Smithfield Area,23,Smithfield,Smithfield
50181,181,0.0,0.0,0.00,0.0,0.0,0.0,0.0,2.3,0.0,0.0,0.0,0.0,0.0,0.0,0.0,0.0,2.3,0.0,0.0,0.0,0,0,0,0,62773,0,0,0,2,5,CACHE,3,North of Logan Area,8,Smithfield Area,23,Smithfield,Smithfield
50182,182,10.8,44.5,4.11,19.0,0.0,0.0,19.0,23.2,0.0,0.0,0.0,0.0,0.0,0.0,0.0,19.0,2.3,0.0,1.3,0.6,0,0,0,0,62773,0,0,0,2,5,CACHE,3,North of Logan Area,8,Smithfield Area,23,Smithfield,Smithfield
50183,183,2.1,5.8,2.77,0.0,0.0,0.0,0.0,0.7,0.0,0.0,0.0,0.0,0.0,0.0,0.0,0.0,0.0,0.0,0.6,0.1,0,0,0,0,63778,0,0,0,2,5,CACHE,3,North of Logan Area,9,Hyde Park Area,28,Hyde Park,Hyde Park
50184,184,4.4,12.1,2.77,0.0,0.0,0.0,0.0,2.7,0.0,0.0,0.0,0.0,0.0,0.0,0.0,0.0,0.0,0.0,2.5,0.2,0,0,0,0,70663,0,0,0,2,5,CACHE,3,North of Logan Area,9,Hyde Park Area,28,Hyde Park,Hyde Park
50185,185,1.5,4.2,2.77,203.5,2.8,46.9,153.8,204.3,1.8,1.1,17.8,29.1,2.9,3.0,2.4,145.5,0.0,0.0,0.6,0.1,0,0,0,0,70663,0,0,0,2,5,CACHE,3,North of Logan Area,9,Hyde Park Area,28,Hyde Park,Hyde Park
50186,186,1.0,1.6,1.63,588.9,143.9,137.5,307.5,589.6,140.7,3.2,43.0,94.5,62.4,9.2,96.8,139.1,0.0,0.0,0.6,0.1,0,0,0,0,70663,0,0,0,2,5,CACHE,3,North of Logan Area,9,Hyde Park Area,28,Hyde Park,Hyde Park
50187,187,0.0,0.0,0.00,9.3,4.6,1.1,3.7,9.3,4.2,0.3,0.9,0.2,0.9,0.9,0.7,1.2,0.0,0.0,0.0,0.0,0,0,0,0,59897,0,0,0,2,5,CACHE,3,North of Logan Area,9,Hyde Park Area,28,Hyde Park,Hyde Park
50188,188,21.5,66.5,3.10,0.0,0.0,0.0,0.0,8.8,0.0,0.0,0.0,0.0,0.0,0.0,0.0,0.0,0.0,0.0,7.6,1.2,0,0,0,0,59897,0,0,0,2,5,CACHE,3,North of Logan Area,9,Hyde Park Area,28,Hyde Park,Hyde Park
50189,189,23.0,50.4,2.19,0.0,0.0,0.0,0.0,5.6,0.0,0.0,0.0,0.0,0.0,0.0,0.0,0.0,0.0,0.0,4.4,1.2,0,0,0,0,59897,0,0,0,2,5,CACHE,3,North of Logan Area,9,Hyde Park Area,28,Hyde Park,Hyde Park
50190,190,19.7,74.4,3.78,0.0,0.0,0.0,0.0,5.5,0.0,0.0,0.0,0.0,0.0,0.0,0.0,0.0,0.0,0.0,4.4,1.1,0,0,0,0,97778,0,0,0,2,5,CACHE,3,North of Logan Area,9,Hyde Park Area,28,Hyde Park,Hyde Park
50191,191,79.6,337.3,4.24,27.0,14.6,0.0,12.5,39.6,0.0,14.6,0.0,0.0,1.6,0.0,8.5,2.4,0.0,0.0,8.2,4.3,0,0,0,0,59897,0,0,0,2,5,CACHE,3,North of Logan Area,9,Hyde Park Area,28,Hyde Park,Hyde Park
50192,192,71.8,193.4,2.69,3.5,0.0,3.5,0.0,17.5,0.0,0.0,0.0,3.5,0.0,0.0,0.0,0.0,0.0,0.0,10.1,3.9,0,0,0,0,59897,0,0,0,2,5,CACHE,3,North of Logan Area,9,Hyde Park Area,28,Hyde Park,Hyde Park
50193,193,129.9,413.4,3.18,13.9,2.6,2.2,9.1,34.2,2.4,0.1,0.4,1.9,5.2,0.4,3.1,0.5,0.0,0.0,13.3,7.0,0,0,0,0,97778,0,0,0,2,5,CACHE,3,North of Logan Area,9,Hyde Park Area,28,Hyde Park,Hyde Park
50194,194,0.0,0.0,0.00,232.4,56.4,38.6,137.4,234.9,49.0,7.4,31.7,6.9,20.1,21.0,61.0,35.2,0.0,0.0,2.5,0.0,0,0,0,0,59897,0,0,0,2,5,CACHE,3,North of Logan Area,9,Hyde Park Area,28,Hyde Park,Hyde Park
50195,195,66.0,186.6,2.83,407.2,9.5,23.0,374.7,417.7,6.0,3.5,21.0,2.0,12.1,341.0,8.1,13.5,0.0,0.0,7.0,3.6,0,0,0,0,59897,797,0,0,2,5,CACHE,3,North of Logan Area,9,Hyde Park Area,28,Hyde Park,Hyde Park
50196,196,192.7,507.1,2.63,2.6,0.2,0.2,2.2,32.6,0.1,0.1,0.2,0.0,1.7,0.2,0.1,0.2,0.0,0.0,19.6,10.4,0,0,0,0,59897,0,0,0,2,5,CACHE,3,North of Logan Area,9,Hyde Park Area,28,Hyde Park,Hyde Park
50197,197,27.0,40.5,1.50,45.3,0.0,0.0,45.3,50.0,0.0,0.0,0.0,0.0,0.0,45.3,0.0,0.0,0.0,0.0,3.2,1.5,0,0,0,0,59897,0,0,0,2,5,CACHE,3,North of Logan Area,9,Hyde Park Area,28,Hyde Park,Hyde Park
50198,198,182.9,496.8,2.72,30.0,0.0,0.0,30.0,53.2,0.0,0.0,0.0,0.0,6.8,0.0,0.0,23.2,0.0,0.0,13.3,9.9,0,0,0,0,97778,0,0,0,2,5,CACHE,3,North of Logan Area,9,Hyde Park Area,28,Hyde Park,Hyde Park
50199,199,93.4,253.4,2.71,3.9,0.0,1.0,2.8,19.7,0.0,0.0,0.0,1.0,0.0,0.0,0.0,2.8,0.0,0.0,10.8,5.1,0,0,0,0,97778,0,0,0,2,5,CACHE,3,North of Logan Area,9,Hyde Park Area,28,Hyde Park,Hyde Park
50200,200,367.8,1357.3,3.69,31.1,0.0,4.5,26.6,104.2,0.0,0.0,4.5,0.0,3.2,0.0,8.5,14.9,0.0,0.0,53.2,19.9,0,0,0,0,99127,0,0,0,2,5,CACHE,3,North of Logan Area,9,Hyde Park Area,28,Hyde Park,Hyde Park
50201,201,5.0,13.8,2.77,99.2,6.7,52.3,40.2,104.0,4.2,2.5,31.6,20.7,6.9,7.2,5.8,20.3,0.0,0.0,4.4,0.3,0,0,0,0,70663,0,0,0,2,5,CACHE,3,North of Logan Area,9,Hyde Park Area,28,Hyde Park,Hyde Park
50202,202,5.0,13.9,2.80,40.3,11.1,7.2,22.0,41.9,9.2,1.9,5.2,2.0,5.2,5.3,4.4,7.1,0.0,0.0,1.3,0.3,0,0,0,0,70663,0,0,0,2,5,CACHE,3,North of Logan Area,9,Hyde Park Area,28,Hyde Park,Hyde Park
50203,203,59.1,170.2,2.88,15.2,1.2,8.8,5.2,27.3,0.7,0.4,1.2,7.6,1.2,1.3,1.0,1.7,0.0,0.0,8.9,3.2,0,0,0,0,70663,0,0,0,2,5,CACHE,3,North of Logan Area,9,Hyde Park Area,28,Hyde Park,Hyde Park
50204,204,68.8,225.2,3.27,0.0,0.0,0.0,0.0,9.4,0.0,0.0,0.0,0.0,0.0,0.0,0.0,0.0,0.0,0.0,5.7,3.7,0,0,0,0,59897,0,0,0,2,5,CACHE,3,North of Logan Area,9,Hyde Park Area,28,Hyde Park,Hyde Park
50205,205,24.0,76.9,3.21,0.0,0.0,0.0,0.0,4.5,0.0,0.0,0.0,0.0,0.0,0.0,0.0,0.0,0.0,0.0,3.2,1.3,0,0,0,0,70663,0,0,0,2,5,CACHE,3,North of Logan Area,9,Hyde Park Area,28,Hyde Park,Hyde Park
50206,206,96.3,252.5,2.62,8.0,0.1,1.9,6.0,20.8,0.0,0.0,1.9,0.0,3.3,0.1,0.1,2.5,0.0,0.0,7.6,5.2,0,0,0,0,59897,0,0,0,2,5,CACHE,3,North of Logan Area,9,Hyde Park Area,28,Hyde Park,Hyde Park
50207,207,85.3,264.1,3.10,10.6,0.2,0.2,10.2,26.0,0.1,0.1,0.2,0.0,7.2,0.2,2.6,0.2,0.0,0.0,10.8,4.6,0,0,0,0,97778,0,0,0,2,5,CACHE,3,North of Logan Area,9,Hyde Park Area,28,Hyde Park,Hyde Park
50208,208,144.9,651.8,4.50,8.8,0.5,0.7,7.6,37.5,0.3,0.2,0.6,0.1,0.5,0.6,0.5,6.1,0.0,0.0,20.9,7.8,0,0,0,0,97778,0,0,0,2,5,CACHE,3,North of Logan Area,9,Hyde Park Area,28,Hyde Park,Hyde Park
50209,209,116.6,486.4,4.17,2.8,1.5,0.3,1.0,21.1,1.4,0.1,0.2,0.0,0.2,0.2,0.2,0.3,0.0,0.0,12.0,6.3,0,0,0,0,99127,0,0,0,2,5,CACHE,3,North of Logan Area,9,Hyde Park Area,28,Hyde Park,Hyde Park
50210,210,0.0,0.0,0.00,0.0,0.0,0.0,0.0,0.0,0.0,0.0,0.0,0.0,0.0,0.0,0.0,0.0,0.0,0.0,0.0,0.0,0,0,0,0,70663,0,0,0,2,5,CACHE,3,North of Logan Area,9,Hyde Park Area,28,Hyde Park,Hyde Park
50211,211,0.0,0.0,0.00,134.3,43.8,20.1,70.4,137.5,37.7,6.0,16.8,3.3,16.7,17.1,14.0,22.7,0.0,0.0,3.2,0.0,0,0,0,0,70663,0,0,0,2,5,CACHE,3,North of Logan Area,9,Hyde Park Area,28,Hyde Park,Hyde Park
50212,212,0.0,0.0,0.00,97.8,11.5,14.5,71.8,100.3,7.1,4.4,12.1,2.4,12.0,12.4,10.1,37.2,0.0,0.0,2.5,0.0,0,0,0,0,70663,0,0,0,2,5,CACHE,3,North of Logan Area,9,Hyde Park Area,28,Hyde Park,Hyde Park
50213,213,89.9,310.8,3.46,3.1,0.2,0.3,2.5,26.1,0.1,0.1,0.2,0.0,1.8,0.2,0.2,0.3,0.0,13.7,4.4,4.9,0,0,0,0,70663,0,0,0,2,5,CACHE,3,North of Logan Area,9,Hyde Park Area,28,Hyde Park,Hyde Park
50214,214,62.5,196.4,3.14,0.0,0.0,0.0,0.0,19.2,0.0,0.0,0.0,0.0,0.0,0.0,0.0,0.0,0.0,0.0,15.8,3.4,0,0,0,0,70663,0,0,0,2,5,CACHE,3,North of Logan Area,9,Hyde Park Area,28,Hyde Park,Hyde Park
50215,215,43.0,159.2,3.70,0.0,0.0,0.0,0.0,5.5,0.0,0.0,0.0,0.0,0.0,0.0,0.0,0.0,0.0,0.0,3.2,2.3,0,0,0,0,85190,0,0,0,2,5,CACHE,3,North of Logan Area,9,Hyde Park Area,28,Hyde Park,Hyde Park
50216,216,58.0,188.4,3.25,4.6,0.3,0.4,4.0,17.2,0.2,0.1,0.3,0.1,0.3,0.3,0.3,3.1,0.0,0.0,9.5,3.1,0,0,0,0,85190,0,0,0,2,5,CACHE,3,North of Logan Area,9,Hyde Park Area,28,Hyde Park,Hyde Park
50217,217,73.6,217.9,2.96,2.7,0.0,0.0,2.7,14.3,0.0,0.0,0.0,0.0,0.0,0.0,0.0,2.7,0.0,0.0,7.6,4.0,0,0,0,0,85190,0,0,0,2,5,CACHE,3,North of Logan Area,9,Hyde Park Area,28,Hyde Park,Hyde Park
50218,218,41.9,117.6,2.80,0.0,0.0,0.0,0.0,9.9,0.0,0.0,0.0,0.0,0.0,0.0,0.0,0.0,0.0,0.0,7.6,2.3,0,0,0,0,99127,0,0,0,2,5,CACHE,3,North of Logan Area,9,Hyde Park Area,28,Hyde Park,Hyde Park
50219,219,59.4,173.1,2.92,7.1,0.0,0.0,7.0,21.1,0.0,0.0,0.0,0.0,6.9,0.0,0.0,0.0,0.0,0.0,10.8,3.2,0,0,0,0,85190,0,0,0,2,5,CACHE,3,North of Logan Area,9,Hyde Park Area,28,Hyde Park,Hyde Park
50220,220,107.1,297.2,2.77,12.7,0.0,12.7,0.0,26.1,0.0,0.0,0.0,12.7,0.0,0.0,0.0,0.0,0.0,0.0,7.6,5.8,0,0,0,0,85190,0,0,0,2,5,CACHE,4,Logan Area,10,North Logan Area,28,Hyde Park,Hyde Park
50221,221,0.0,0.0,0.00,428.0,26.2,161.5,240.2,431.2,16.4,9.8,87.2,74.4,26.7,28.0,22.4,163.1,0.0,0.0,3.2,0.0,0,0,0,0,70663,0,0,0,2,5,CACHE,4,Logan Area,10,North Logan Area,30,North Logan,North Logan
50222,222,0.0,0.0,0.00,477.7,75.5,200.3,201.9,482.8,61.1,14.4,156.3,44.0,39.2,41.1,32.9,88.8,0.0,0.0,5.1,0.0,0,0,0,0,70663,0,0,0,2,5,CACHE,4,Logan Area,10,North Logan Area,30,North Logan,North Logan
50223,223,2.4,7.4,3.04,898.4,124.5,194.5,579.4,921.3,77.6,46.9,169.0,25.6,129.3,132.3,108.3,209.5,0.0,0.0,22.8,0.1,0,0,0,0,70663,0,0,0,2,5,CACHE,4,Logan Area,10,North Logan Area,30,North Logan,North Logan
50224,224,10.6,29.8,2.80,525.4,129.4,81.5,314.5,534.9,109.7,19.8,54.9,26.5,94.2,88.0,45.3,87.0,0.0,0.0,8.9,0.6,0,0,0,0,70663,0,0,0,2,5,CACHE,4,Logan Area,10,North Logan Area,30,North Logan,North Logan
50225,225,56.5,157.6,2.79,381.0,33.2,41.7,306.1,390.4,20.8,12.4,34.7,7.0,34.0,127.0,28.5,116.7,0.0,0.0,6.3,3.1,0,0,0,0,70663,0,0,1443,2,5,CACHE,4,Logan Area,10,North Logan Area,30,North Logan,North Logan
50226,226,290.5,787.9,2.71,14.8,0.3,0.4,14.0,30.5,0.2,0.1,0.3,0.1,1.8,0.3,9.3,2.7,0.0,0.0,0.0,15.7,0,0,0,0,73517,0,0,0,2,5,CACHE,4,Logan Area,10,North Logan Area,30,North Logan,North Logan
50227,227,149.8,506.0,3.38,53.6,1.0,0.9,51.7,63.6,1.0,0.0,0.0,0.9,3.1,23.5,25.2,0.0,0.0,0.0,1.9,8.1,0,0,0,0,85190,0,0,0,2,5,CACHE,4,Logan Area,10,North Logan Area,30,North Logan,North Logan
50228,228,105.2,370.5,3.52,0.0,0.0,0.0,0.0,12.7,0.0,0.0,0.0,0.0,0.0,0.0,0.0,0.0,0.0,0.0,7.0,5.7,0,0,0,0,85190,0,0,0,2,5,CACHE,4,Logan Area,10,North Logan Area,30,North Logan,North Logan
50229,229,288.9,1101.0,3.81,259.2,0.0,0.8,258.4,285.6,0.0,0.0,0.0,0.8,15.6,232.5,10.3,0.0,0.0,0.0,10.8,15.6,0,0,0,0,85190,432,0,0,2,5,CACHE,4,Logan Area,10,North Logan Area,30,North Logan,North Logan
50230,230,51.8,223.5,4.31,0.0,0.0,0.0,0.0,5.3,0.0,0.0,0.0,0.0,0.0,0.0,0.0,0.0,0.0,0.0,2.5,2.8,0,0,0,0,99127,0,0,0,2,5,CACHE,3,North of Logan Area,9,Hyde Park Area,30,North Logan,North Logan
50231,231,103.9,332.7,3.20,3.8,0.0,0.8,2.9,20.7,0.0,0.0,0.8,0.0,2.9,0.0,0.0,0.0,5.7,0.0,5.7,5.6,0,0,0,0,99127,0,0,0,2,5,CACHE,4,Logan Area,10,North Logan Area,30,North Logan,North Logan
50232,232,475.4,1662.1,3.50,59.6,9.6,5.8,44.2,103.6,9.6,0.0,0.0,5.8,3.3,0.0,12.0,28.9,0.0,0.0,18.4,25.7,0,0,0,0,99127,0,0,0,2,5,CACHE,4,Logan Area,10,North Logan Area,30,North Logan,North Logan
50233,233,0.0,0.0,0.00,294.1,27.2,147.6,119.3,297.9,17.0,10.2,141.8,5.7,28.0,29.2,23.4,38.7,0.0,0.0,3.8,0.0,0,0,0,0,42731,0,0,0,2,5,CACHE,4,Logan Area,11,Logan Area,30,North Logan,North Logan
50234,234,4.4,12.2,2.78,424.0,139.0,131.4,153.6,430.5,59.3,79.7,49.5,81.9,60.9,26.6,21.2,44.9,0.0,0.0,6.3,0.2,0,0,0,0,42731,0,0,0,2,5,CACHE,4,Logan Area,11,Logan Area,30,North Logan,North Logan
50235,235,64.4,165.0,2.56,903.2,48.9,10.4,843.9,930.2,47.1,1.8,9.4,1.0,45.3,5.1,4.1,789.4,0.0,0.0,23.4,3.5,0,0,0,0,36771,0,0,0,2,5,CACHE,4,Logan Area,10,North Logan Area,30,North Logan,North Logan
50236,236,132.8,327.9,2.47,0.0,0.0,0.0,0.0,23.7,0.0,0.0,0.0,0.0,0.0,0.0,0.0,0.0,0.0,0.0,16.5,7.2,0,0,0,0,36771,0,0,0,2,5,CACHE,4,Logan Area,10,North Logan Area,30,North Logan,North Logan
50237,237,366.3,630.1,1.72,89.6,8.2,10.3,71.2,121.5,5.1,3.1,8.6,1.7,8.4,8.8,42.3,11.6,0.0,0.0,12.0,19.8,0,0,0,0,36771,0,0,0,2,5,CACHE,4,Logan Area,10,North Logan Area,30,North Logan,North Logan
50238,238,41.3,85.8,2.08,693.8,32.7,20.1,641.0,704.3,26.7,6.0,16.7,3.4,16.3,122.8,479.1,22.7,0.0,0.0,8.2,2.2,0,0,0,0,101983,530,0,0,2,5,CACHE,4,Logan Area,10,North Logan Area,30,North Logan,North Logan
50239,239,126.9,312.6,2.46,0.0,0.0,0.0,0.0,19.6,0.0,0.0,0.0,0.0,0.0,0.0,0.0,0.0,0.0,0.0,12.7,6.9,0,0,0,0,101983,0,0,0,2,5,CACHE,4,Logan Area,10,North Logan Area,30,North Logan,North Logan
50240,240,139.2,537.0,3.86,3.7,0.3,2.3,1.1,26.4,0.2,0.1,2.2,0.1,0.3,0.3,0.2,0.4,0.0,0.0,15.2,7.5,0,0,0,0,101983,0,0,0,2,5,CACHE,4,Logan Area,10,North Logan Area,30,North Logan,North Logan
50241,241,159.8,474.9,2.97,10.1,6.8,3.3,0.0,40.2,6.8,0.0,0.0,3.3,0.0,0.0,0.0,0.0,5.7,0.0,15.8,8.6,0,0,0,0,99127,0,0,0,2,5,CACHE,4,Logan Area,10,North Logan Area,30,North Logan,North Logan
50242,242,203.1,708.3,3.49,7.2,0.1,0.1,7.0,44.1,0.1,0.0,0.1,0.0,0.1,0.1,1.5,5.3,5.7,0.0,20.3,11.0,0,0,0,0,99127,0,0,0,2,5,CACHE,4,Logan Area,10,North Logan Area,30,North Logan,North Logan
50243,243,4.5,12.4,2.78,380.8,97.2,65.4,218.2,389.2,77.5,19.7,57.2,8.2,42.8,41.7,33.2,100.5,0.0,0.0,8.2,0.2,0,0,0,0,42731,0,0,0,2,5,CACHE,4,Logan Area,11,Logan Area,30,North Logan,North Logan
50244,244,434.6,730.9,1.68,571.3,81.8,150.3,339.3,620.8,75.8,6.0,132.4,17.8,71.9,27.3,33.8,206.2,0.0,0.0,26.0,23.5,0,0,0,0,36771,0,0,0,2,5,CACHE,4,Logan Area,10,North Logan Area,30,North Logan,North Logan
50245,245,170.4,436.3,2.56,270.2,20.9,9.0,240.3,346.5,18.2,2.7,7.5,1.5,7.3,7.6,215.3,10.1,5.7,0.0,61.4,9.2,0,0,0,0,36771,0,0,0,2,5,CACHE,4,Logan Area,10,North Logan Area,30,North Logan,North Logan
50246,246,185.4,555.5,3.00,9.3,0.9,1.2,7.2,52.2,0.6,0.4,1.0,0.2,2.6,1.0,2.2,1.4,0.0,0.0,32.9,10.0,0,0,0,0,36771,0,0,0,2,5,CACHE,4,Logan Area,10,North Logan Area,30,North Logan,North Logan
50247,247,162.2,508.3,3.13,21.2,0.0,18.2,3.0,37.6,0.0,0.0,0.0,18.2,0.0,0.0,0.0,3.0,0.0,0.0,7.6,8.8,0,0,0,0,101983,0,0,0,2,5,CACHE,4,Logan Area,10,North Logan Area,30,North Logan,North Logan
50248,248,143.3,348.7,2.43,0.0,0.0,0.0,0.0,23.6,0.0,0.0,0.0,0.0,0.0,0.0,0.0,0.0,0.0,0.0,15.8,7.8,0,0,0,0,101983,0,0,0,2,5,CACHE,4,Logan Area,10,North Logan Area,30,North Logan,North Logan
50249,249,123.4,348.7,2.83,126.1,0.9,4.1,121.1,139.8,0.6,0.3,1.0,3.2,8.0,108.9,0.8,3.5,0.0,0.0,7.0,6.7,0,0,0,0,101983,0,0,0,2,5,CACHE,4,Logan Area,10,North Logan Area,30,North Logan,North Logan
50250,250,154.2,428.5,2.78,6.0,0.1,0.1,5.8,27.6,0.1,0.0,0.1,0.0,2.9,0.1,2.5,0.2,0.0,0.0,13.3,8.3,0,0,0,0,75280,0,0,0,2,5,CACHE,4,Logan Area,10,North Logan Area,30,North Logan,North Logan
50251,251,183.8,473.2,2.57,26.3,0.0,0.0,26.3,46.3,0.0,0.0,0.0,0.0,0.0,18.0,0.0,8.3,0.0,0.0,10.1,9.9,0,0,0,0,75280,0,0,0,2,5,CACHE,4,Logan Area,10,North Logan Area,30,North Logan,North Logan
50252,252,53.8,75.6,1.41,3.8,0.0,0.0,3.7,11.1,0.0,0.0,0.0,0.0,0.0,0.0,3.6,0.0,0.0,0.0,4.4,2.9,0,0,0,0,99127,0,0,0,2,5,CACHE,4,Logan Area,10,North Logan Area,30,North Logan,North Logan
50253,253,68.4,160.2,2.34,0.0,0.0,0.0,0.0,12.6,0.0,0.0,0.0,0.0,0.0,0.0,0.0,0.0,0.0,0.0,8.9,3.7,0,0,0,0,99127,0,0,0,2,5,CACHE,4,Logan Area,10,North Logan Area,30,North Logan,North Logan
50254,254,0.0,0.0,0.00,0.0,0.0,0.0,0.0,0.0,0.0,0.0,0.0,0.0,0.0,0.0,0.0,0.0,0.0,0.0,0.0,0.0,0,0,0,0,99127,0,0,0,2,5,CACHE,4,Logan Area,10,North Logan Area,30,North Logan,North Logan
50255,255,92.9,250.9,2.70,1638.6,832.4,1.9,804.3,1648.6,713.2,119.3,0.2,1.7,9.1,0.0,5.9,789.4,0.0,0.0,5.1,5.0,0,0,0,0,36771,0,0,0,2,5,CACHE,4,Logan Area,10,North Logan Area,30,North Logan,North Logan
50256,256,632.0,1050.0,1.66,730.2,4.2,27.9,698.1,779.5,2.8,1.3,3.8,24.1,8.4,3.9,47.5,638.3,0.0,0.0,15.2,34.2,0,0,0,0,36771,0,0,0,2,5,CACHE,4,Logan Area,10,North Logan Area,30,North Logan,North Logan
50257,257,6.9,33.0,4.76,1531.0,18.5,81.9,1430.7,1534.6,11.6,6.9,27.7,54.2,1306.9,59.0,15.8,49.0,0.0,0.0,3.2,0.4,0,0,0,0,36771,0,0,158,2,5,CACHE,4,Logan Area,10,North Logan Area,30,North Logan,North Logan
50258,258,0.0,0.0,0.00,0.0,0.0,0.0,0.0,0.0,0.0,0.0,0.0,0.0,0.0,0.0,0.0,0.0,0.0,0.0,0.0,0.0,0,0,0,0,101983,0,0,0,2,5,CACHE,4,Logan Area,10,North Logan Area,30,North Logan,North Logan
50259,259,145.0,422.4,2.91,106.3,49.9,0.8,55.5,128.6,49.9,0.0,0.0,0.8,55.5,0.0,0.0,0.0,0.0,0.0,14.6,7.8,0,0,0,0,101983,0,0,0,2,5,CACHE,4,Logan Area,10,North Logan Area,30,North Logan,North Logan
50260,260,278.4,740.1,2.66,31.6,0.0,0.8,30.8,61.9,0.0,0.0,0.8,0.0,8.1,0.0,5.6,17.1,0.0,0.0,15.2,15.1,0,0,0,0,75280,0,0,0,2,5,CACHE,4,Logan Area,10,North Logan Area,30,North Logan,North Logan
50261,261,146.8,451.1,3.07,16.7,0.0,3.0,13.7,29.0,0.0,0.0,0.0,3.0,0.0,0.0,3.0,10.7,0.0,0.0,4.4,7.9,0,0,0,0,91400,0,0,0,2,5,CACHE,4,Logan Area,10,North Logan Area,30,North Logan,North Logan
50262,262,133.2,159.8,1.20,2.2,0.1,0.1,1.9,11.3,0.1,0.0,0.1,0.0,1.6,0.1,0.1,0.1,0.0,0.0,1.9,7.2,0,0,0,0,91400,0,0,0,2,5,CACHE,4,Logan Area,10,North Logan Area,30,North Logan,North Logan
50263,263,41.9,117.5,2.81,2.7,0.0,0.0,2.7,13.2,0.0,0.0,0.0,0.0,0.0,0.0,0.0,2.7,5.7,0.0,2.5,2.3,0,0,0,0,84569,0,0,0,2,5,CACHE,2,West Cache County,7,County Area West of Logan,29,Logan,Logan
50264,264,29.0,75.2,2.59,26.9,25.3,0.4,1.3,48.2,25.2,0.1,0.3,0.1,0.3,0.3,0.2,0.4,0.0,0.0,19.6,1.6,0,0,0,0,84569,0,0,0,2,5,CACHE,3,North of Logan Area,9,Hyde Park Area,29,Logan,Logan
50265,265,0.0,0.0,0.00,0.0,0.0,0.0,0.0,5.7,0.0,0.0,0.0,0.0,0.0,0.0,0.0,0.0,5.7,0.0,0.0,0.0,0,0,0,0,70663,0,0,0,2,5,CACHE,3,North of Logan Area,9,Hyde Park Area,29,Logan,Logan
50266,266,0.0,0.0,0.00,500.8,78.6,105.8,316.4,532.5,51.7,26.9,75.2,30.6,75.9,76.1,64.4,100.0,0.0,0.0,31.7,0.0,0,0,0,0,70663,0,0,0,2,5,CACHE,3,North of Logan Area,9,Hyde Park Area,29,Logan,Logan
50267,267,8.3,22.8,2.74,6.5,0.9,1.2,4.3,17.1,0.6,0.4,1.0,0.2,1.0,1.0,0.9,1.3,0.0,0.0,10.1,0.5,0,0,0,0,84569,0,0,0,2,5,CACHE,3,North of Logan Area,9,Hyde Park Area,29,Logan,Logan
50268,268,51.2,180.2,3.52,41.1,0.2,3.1,37.7,56.1,0.1,0.1,3.1,0.0,1.9,0.2,0.2,35.4,9.1,0.0,3.2,2.8,0,0,0,0,84569,0,0,0,2,5,CACHE,2,West Cache County,7,County Area West of Logan,29,Logan,Logan
50269,269,24.3,70.8,2.92,0.0,0.0,0.0,0.0,10.1,0.0,0.0,0.0,0.0,0.0,0.0,0.0,0.0,5.7,0.0,3.2,1.3,0,0,0,0,84569,0,0,0,2,5,CACHE,2,West Cache County,7,County Area West of Logan,29,Logan,Logan
50270,270,0.0,0.0,0.00,0.0,0.0,0.0,0.0,9.1,0.0,0.0,0.0,0.0,0.0,0.0,0.0,0.0,9.1,0.0,0.0,0.0,0,0,0,0,84569,0,0,0,2,5,CACHE,2,West Cache County,7,County Area West of Logan,29,Logan,Logan
50271,271,23.9,62.0,2.59,0.0,0.0,0.0,0.0,19.9,0.0,0.0,0.0,0.0,0.0,0.0,0.0,0.0,9.1,0.0,9.5,1.3,0,0,0,0,84569,0,0,0,2,5,CACHE,2,West Cache County,7,County Area West of Logan,29,Logan,Logan
50272,272,5.7,15.5,2.74,0.0,0.0,0.0,0.0,10.4,0.0,0.0,0.0,0.0,0.0,0.0,0.0,0.0,5.7,0.0,4.4,0.3,0,0,0,0,84569,0,0,0,2,5,CACHE,3,North of Logan Area,9,Hyde Park Area,29,Logan,Logan
50273,273,11.3,13.5,1.20,0.0,0.0,0.0,0.0,11.2,0.0,0.0,0.0,0.0,0.0,0.0,0.0,0.0,6.8,0.0,3.8,0.6,0,0,0,0,84569,0,0,0,2,5,CACHE,3,North of Logan Area,9,Hyde Park Area,29,Logan,Logan
50274,274,6.2,17.1,2.74,6.5,0.9,1.2,4.3,12.5,0.6,0.4,1.0,0.2,1.0,1.0,0.9,1.3,0.0,0.0,5.7,0.3,0,0,0,0,84569,0,0,0,2,5,CACHE,3,North of Logan Area,9,Hyde Park Area,29,Logan,Logan
50275,275,0.0,0.0,0.00,41.9,6.2,7.8,28.0,48.2,3.8,2.3,6.6,1.2,6.8,6.7,5.9,8.6,0.0,0.0,6.3,0.0,0,0,0,0,84569,0,0,0,2,5,CACHE,3,North of Logan Area,9,Hyde Park Area,29,Logan,Logan
50276,276,0.0,0.0,0.00,179.5,24.1,30.7,124.7,184.0,14.8,9.3,25.7,5.0,42.4,26.2,21.5,34.7,0.0,0.0,4.4,0.0,0,0,0,0,84569,0,0,0,2,5,CACHE,4,Logan Area,11,Logan Area,29,Logan,Logan
50277,277,0.0,0.0,0.00,6.5,0.9,1.2,4.3,7.1,0.6,0.4,1.0,0.2,1.0,1.0,0.9,1.3,0.0,0.0,0.6,0.0,0,0,0,0,84569,0,0,0,2,5,CACHE,3,North of Logan Area,9,Hyde Park Area,29,Logan,Logan
50278,278,0.0,0.0,0.00,925.8,60.4,475.1,390.3,932.8,37.8,22.6,458.9,16.2,77.5,173.2,51.4,88.2,0.0,0.0,7.0,0.0,0,0,0,0,84569,0,0,0,2,5,CACHE,4,Logan Area,11,Logan Area,29,Logan,Logan
50279,279,84.5,239.8,2.84,237.5,28.4,84.4,124.7,291.4,17.6,10.7,50.7,33.7,29.3,30.5,24.4,40.5,0.0,0.0,49.4,4.6,0,0,0,0,42731,0,0,0,2,5,CACHE,4,Logan Area,11,Logan Area,29,Logan,Logan
50280,280,132.1,315.7,2.39,186.1,25.3,32.2,128.6,234.5,15.6,9.7,26.9,5.3,26.8,27.4,22.4,51.9,0.0,0.0,41.1,7.2,0,0,0,0,42731,0,0,0,2,5,CACHE,4,Logan Area,11,Logan Area,29,Logan,Logan
50281,281,24.7,64.1,2.59,528.1,125.1,152.0,251.0,550.9,106.9,18.2,51.1,100.8,49.9,52.2,42.1,106.8,0.0,0.0,21.5,1.3,0,0,0,0,42731,0,0,0,2,5,CACHE,4,Logan Area,11,Logan Area,29,Logan,Logan
50282,282,5.7,15.5,2.74,38.2,5.6,7.2,25.5,44.9,3.4,2.2,6.1,1.1,6.1,6.1,5.2,8.0,0.0,0.0,6.3,0.3,0,0,0,0,84569,0,0,0,2,5,CACHE,3,North of Logan Area,9,Hyde Park Area,29,Logan,Logan
50283,283,0.0,0.0,0.00,1435.0,124.5,1065.6,244.9,1435.0,124.5,0.0,952.3,113.3,118.4,0.0,0.0,126.6,0.0,0.0,0.0,0.0,0,0,0,0,84569,0,0,0,2,5,CACHE,3,North of Logan Area,9,Hyde Park Area,29,Logan,Logan
50284,284,0.0,0.0,0.00,848.9,73.3,319.9,455.7,856.5,45.9,27.4,304.5,15.5,92.7,126.4,62.3,174.2,0.0,0.0,7.6,0.0,0,0,0,0,84569,0,0,260,2,5,CACHE,4,Logan Area,11,Logan Area,29,Logan,Logan
50285,285,913.0,2183.1,2.39,22.6,1.1,1.7,19.9,91.0,1.1,0.0,0.8,0.9,3.1,0.0,9.6,7.1,0.0,0.0,19.0,49.4,0,0,0,0,42731,0,0,0,2,5,CACHE,4,Logan Area,11,Logan Area,29,Logan,Logan
50286,286,542.5,1137.0,2.10,266.7,19.9,86.7,160.0,307.5,19.9,0.0,76.9,9.8,0.0,8.5,122.9,28.5,0.0,0.0,11.4,29.4,0,0,0,0,42731,0,0,0,2,5,CACHE,4,Logan Area,11,Logan Area,29,Logan,Logan
50287,287,65.8,160.0,2.43,1233.8,693.3,54.6,485.9,1247.6,515.0,178.4,40.2,14.4,34.7,60.4,32.2,358.6,0.0,0.0,10.1,3.6,0,0,0,0,42731,0,0,0,2,5,CACHE,4,Logan Area,11,Logan Area,29,Logan,Logan
50288,288,0.0,0.0,0.00,898.1,289.9,0.0,608.2,898.1,44.4,245.4,0.0,0.0,0.0,0.0,17.6,590.7,0.0,0.0,0.0,0.0,0,0,0,0,36771,0,0,0,2,5,CACHE,4,Logan Area,11,Logan Area,29,Logan,Logan
50289,289,0.0,0.0,0.00,406.7,188.7,14.5,203.5,407.9,185.6,3.0,12.7,1.7,8.3,8.7,175.1,11.5,0.0,0.0,1.3,0.0,0,0,0,0,36771,0,0,0,2,5,CACHE,4,Logan Area,11,Logan Area,29,Logan,Logan
50290,290,1.0,2.7,2.74,492.7,282.6,2.3,207.8,492.8,207.8,74.8,1.9,0.4,1.8,1.9,164.9,39.1,0.0,0.0,0.0,0.1,0,0,0,0,36771,0,0,0,2,5,CACHE,4,Logan Area,11,Logan Area,29,Logan,Logan
50291,291,0.0,0.0,0.00,0.0,0.0,0.0,0.0,0.0,0.0,0.0,0.0,0.0,0.0,0.0,0.0,0.0,0.0,0.0,0.0,0.0,0,0,0,0,101983,0,0,0,2,5,CACHE,4,Logan Area,11,Logan Area,29,Logan,Logan
50292,292,0.0,0.0,0.00,0.0,0.0,0.0,0.0,0.0,0.0,0.0,0.0,0.0,0.0,0.0,0.0,0.0,0.0,0.0,0.0,0.0,0,0,0,0,101983,0,0,0,2,5,CACHE,4,Logan Area,11,Logan Area,29,Logan,Logan
50293,293,44.3,119.3,2.69,35.6,11.5,5.4,18.7,41.8,9.9,1.6,4.5,0.9,4.4,4.6,3.7,6.1,0.0,0.0,3.8,2.4,0,0,0,0,75280,0,0,0,2,5,CACHE,4,Logan Area,11,Logan Area,29,Logan,Logan
50294,294,76.1,215.6,2.83,5.4,0.0,0.0,5.4,12.7,0.0,0.0,0.0,0.0,0.0,0.0,0.0,5.4,0.0,0.0,3.2,4.1,0,0,0,0,75280,0,0,0,2,5,CACHE,4,Logan Area,11,Logan Area,29,Logan,Logan
50295,295,151.1,451.5,2.99,7.2,0.3,0.3,6.6,22.3,0.2,0.1,0.3,0.1,0.3,0.3,0.2,5.8,0.0,0.0,7.0,8.2,0,0,0,0,91400,0,0,0,2,5,CACHE,4,Logan Area,11,Logan Area,29,Logan,Logan
50296,296,115.2,296.4,2.57,6.4,1.6,0.5,4.3,17.7,1.5,0.1,0.4,0.1,0.4,0.4,0.3,3.2,0.0,0.0,5.1,6.2,0,0,0,0,91400,0,0,0,2,5,CACHE,4,Logan Area,11,Logan Area,29,Logan,Logan
50297,297,93.6,296.0,3.16,0.0,0.0,0.0,0.0,21.6,0.0,0.0,0.0,0.0,0.0,0.0,0.0,0.0,0.0,0.0,16.5,5.1,0,0,0,0,91400,0,0,0,2,5,CACHE,4,Logan Area,11,Logan Area,29,Logan,Logan
50298,298,0.0,0.0,0.00,21.4,3.1,4.0,14.2,22.0,1.9,1.2,3.4,0.6,3.4,3.4,2.9,4.5,0.0,0.0,0.6,0.0,0,0,0,0,84569,0,0,0,2,5,CACHE,3,North of Logan Area,9,Hyde Park Area,29,Logan,Logan
50299,299,0.0,0.0,0.00,798.0,24.6,596.1,177.3,799.2,21.5,3.1,594.3,1.7,102.8,8.9,7.1,58.4,0.0,0.0,1.3,0.0,0,0,0,0,84569,0,0,0,2,5,CACHE,3,North of Logan Area,9,Hyde Park Area,29,Logan,Logan
50300,300,0.0,0.0,0.00,1118.5,74.3,112.6,931.6,1128.6,46.4,27.9,96.5,16.0,90.4,671.7,64.0,105.5,0.0,0.0,10.1,0.0,0,0,0,0,38980,0,0,0,2,5,CACHE,4,Logan Area,11,Logan Area,29,Logan,Logan
50301,301,211.7,550.2,2.60,88.9,14.1,0.0,74.8,106.7,14.1,0.0,0.0,0.0,0.0,41.4,0.0,33.5,0.0,0.0,6.3,11.5,0,0,0,0,40529,515,0,0,2,5,CACHE,4,Logan Area,11,Logan Area,29,Logan,Logan
50302,302,489.6,1260.0,2.57,17.7,3.6,3.1,11.0,74.0,2.7,0.9,2.6,0.5,2.6,2.7,2.2,3.5,0.0,0.0,29.8,26.5,0,0,0,0,38980,0,0,0,2,5,CACHE,4,Logan Area,11,Logan Area,29,Logan,Logan
50303,303,357.8,853.4,2.38,23.5,0.0,0.0,23.5,92.3,0.0,0.0,0.0,0.0,0.0,0.0,23.5,0.0,0.0,0.0,49.4,19.4,0,0,0,0,42731,0,0,0,2,5,CACHE,4,Logan Area,11,Logan Area,29,Logan,Logan
50304,304,0.0,0.0,0.00,678.5,435.5,45.5,197.6,680.4,293.8,141.6,43.0,2.5,154.4,12.7,11.4,19.1,0.0,0.0,1.9,0.0,0,0,0,0,42731,0,0,0,2,5,CACHE,4,Logan Area,11,Logan Area,29,Logan,Logan
50305,305,263.7,630.0,2.39,934.1,465.2,0.0,468.9,948.4,225.2,240.0,0.0,0.0,47.9,0.0,287.4,133.7,0.0,0.0,0.0,14.3,0,0,0,0,38980,0,0,0,2,5,CACHE,4,Logan Area,11,Logan Area,29,Logan,Logan
50306,306,68.4,186.0,2.72,979.9,577.7,70.4,331.9,1046.9,352.8,224.9,59.1,11.3,54.5,57.1,45.6,174.8,0.0,0.0,63.3,3.7,0,0,0,0,39328,0,0,0,2,5,CACHE,4,Logan Area,11,Logan Area,29,Logan,Logan
50307,307,109.8,245.3,2.23,770.3,607.2,7.3,155.7,798.3,462.3,144.9,6.1,1.2,98.4,6.2,24.7,26.4,0.0,0.0,22.2,5.9,0,0,0,0,39328,0,0,0,2,5,CACHE,4,Logan Area,11,Logan Area,29,Logan,Logan
50308,308,550.3,852.1,1.55,669.0,15.5,1.1,652.3,698.8,15.5,0.0,1.1,0.0,19.3,54.9,277.3,300.7,0.0,0.0,0.0,29.8,0,0,0,0,39328,0,0,0,2,5,CACHE,4,Logan Area,11,Logan Area,29,Logan,Logan
50309,309,128.0,293.6,2.29,11.2,8.5,0.0,2.7,21.9,0.0,8.5,0.0,0.0,0.0,0.0,0.0,2.7,0.0,0.0,3.8,6.9,0,0,0,0,39328,0,0,0,2,5,CACHE,4,Logan Area,11,Logan Area,29,Logan,Logan
50310,310,23.2,69.1,2.98,2423.1,25.1,15.6,2382.3,2427.6,20.5,4.7,13.0,2.6,102.7,13.3,2142.9,123.5,0.0,0.0,3.2,1.3,0,0,0,0,55543,0,0,0,2,5,CACHE,4,Logan Area,11,Logan Area,29,Logan,Logan
50311,311,170.6,376.6,2.21,28.8,2.4,3.0,23.5,43.1,1.5,0.9,2.5,0.5,2.4,2.5,2.0,16.6,0.0,0.0,5.1,9.2,0,0,0,0,41759,0,0,0,2,5,CACHE,4,Logan Area,11,Logan Area,29,Logan,Logan
50312,312,346.6,957.4,2.76,411.8,28.1,19.0,364.7,453.4,23.5,4.6,12.9,6.1,12.6,192.8,138.2,21.0,0.0,0.0,22.8,18.8,0,0,0,0,55543,0,0,0,2,5,CACHE,4,Logan Area,11,Logan Area,29,Logan,Logan
50313,313,355.6,1345.2,3.78,112.1,14.0,4.4,93.7,166.1,2.2,11.8,3.7,0.7,3.6,3.8,3.0,83.3,0.0,0.0,34.8,19.2,0,0,0,0,41759,0,0,0,2,5,CACHE,4,Logan Area,11,Logan Area,29,Logan,Logan
50314,314,74.4,152.6,2.05,288.2,2.7,3.4,282.2,294.1,1.7,1.0,2.8,0.6,2.8,273.3,2.3,3.8,0.0,0.0,1.9,4.0,0,0,0,0,24820,0,0,0,2,5,CACHE,4,Logan Area,11,Logan Area,29,Logan,Logan
50315,315,478.8,862.0,1.80,0.0,0.0,0.0,0.0,25.9,0.0,0.0,0.0,0.0,0.0,0.0,0.0,0.0,0.0,0.0,0.0,25.9,0,0,0,0,19950,0,0,0,2,5,CACHE,4,Logan Area,11,Logan Area,29,Logan,Logan
50316,316,216.5,561.7,2.59,0.0,0.0,0.0,0.0,17.4,0.0,0.0,0.0,0.0,0.0,0.0,0.0,0.0,0.0,0.0,5.7,11.7,0,0,0,0,68331,0,0,0,2,5,CACHE,4,Logan Area,11,Logan Area,29,Logan,Logan
50317,317,0.0,0.0,0.00,0.0,0.0,0.0,0.0,0.0,0.0,0.0,0.0,0.0,0.0,0.0,0.0,0.0,0.0,0.0,0.0,0.0,0,0,0,0,68331,0,0,0,2,5,CACHE,4,Logan Area,11,Logan Area,29,Logan,Logan
50318,318,135.8,347.5,2.56,0.0,0.0,0.0,0.0,7.3,0.0,0.0,0.0,0.0,0.0,0.0,0.0,0.0,0.0,0.0,0.0,7.3,0,0,0,0,68331,0,0,0,2,5,CACHE,4,Logan Area,11,Logan Area,29,Logan,Logan
50319,319,148.8,383.7,2.58,33.7,0.0,0.0,33.7,48.7,0.0,0.0,0.0,0.0,2.7,0.0,29.0,2.0,0.0,0.0,7.0,8.1,0,0,0,0,68331,0,0,0,2,5,CACHE,4,Logan Area,11,Logan Area,29,Logan,Logan
50320,320,201.0,471.9,2.35,23.2,0.0,0.0,23.2,41.7,0.0,0.0,0.0,0.0,8.2,0.0,0.0,14.9,0.0,0.0,7.6,10.9,0,0,0,0,68331,0,0,0,2,5,CACHE,4,Logan Area,11,Logan Area,29,Logan,Logan
50321,321,160.3,410.2,2.56,2.8,0.2,0.3,2.3,23.5,0.1,0.1,0.2,0.0,0.2,0.2,1.5,0.3,0.0,0.0,12.0,8.7,0,0,0,0,91400,0,0,0,2,5,CACHE,4,Logan Area,11,Logan Area,29,Logan,Logan
50322,322,0.0,0.0,0.00,0.0,0.0,0.0,0.0,0.0,0.0,0.0,0.0,0.0,0.0,0.0,0.0,0.0,0.0,0.0,0.0,0.0,0,0,0,0,84569,0,0,0,2,5,CACHE,2,West Cache County,7,County Area West of Logan,29,Logan,Logan
50323,323,0.0,0.0,0.00,6.5,0.9,1.2,4.3,7.1,0.6,0.4,1.0,0.2,1.0,1.0,0.9,1.3,0.0,0.0,0.6,0.0,0,0,0,0,84569,0,0,0,2,5,CACHE,4,Logan Area,11,Logan Area,29,Logan,Logan
50324,324,0.0,0.0,0.00,0.0,0.0,0.0,0.0,0.0,0.0,0.0,0.0,0.0,0.0,0.0,0.0,0.0,0.0,0.0,0.0,0.0,0,0,0,0,84569,0,0,0,2,5,CACHE,4,Logan Area,11,Logan Area,29,Logan,Logan
50325,325,0.0,0.0,0.00,769.6,83.5,97.9,588.2,778.4,55.3,28.2,82.1,15.8,336.8,80.3,64.2,106.8,0.0,0.0,8.9,0.0,0,0,0,0,84569,0,0,0,2,5,CACHE,4,Logan Area,11,Logan Area,29,Logan,Logan
50326,326,1.0,2.6,2.59,1879.5,152.7,1426.1,300.7,1887.2,126.7,26.0,1297.3,128.7,93.9,61.8,57.2,87.8,0.0,0.0,7.6,0.1,0,0,0,0,38980,0,0,0,2,5,CACHE,4,Logan Area,11,Logan Area,29,Logan,Logan
50327,327,308.3,651.2,2.11,503.1,0.0,474.8,28.3,519.8,0.0,0.0,468.2,6.6,3.7,0.0,0.0,24.6,0.0,0.0,0.0,16.7,0,0,0,0,38415,0,0,0,2,5,CACHE,4,Logan Area,11,Logan Area,29,Logan,Logan
50328,328,328.1,649.8,1.98,8.1,0.1,1.0,7.0,51.3,0.1,0.1,0.1,0.8,0.1,0.2,6.5,0.2,0.0,0.0,25.3,17.8,0,0,0,0,38415,0,0,0,2,5,CACHE,4,Logan Area,11,Logan Area,29,Logan,Logan
50329,329,237.6,489.7,2.06,11.1,1.1,5.4,4.6,47.4,0.7,0.4,1.1,4.3,1.1,1.1,0.9,1.5,0.0,0.0,23.4,12.9,0,0,0,0,41826,0,0,0,2,5,CACHE,4,Logan Area,11,Logan Area,29,Logan,Logan
50330,330,119.3,244.1,2.05,153.2,6.3,7.9,139.0,165.4,3.9,2.4,6.6,1.3,38.6,6.7,5.5,88.2,0.0,0.0,5.7,6.5,0,0,0,0,41826,0,0,0,2,5,CACHE,4,Logan Area,11,Logan Area,29,Logan,Logan
50331,331,121.3,371.5,3.06,10.0,0.0,5.9,4.1,20.4,0.0,0.0,5.9,0.0,0.0,0.0,1.5,2.6,0.0,0.0,3.8,6.6,0,0,0,0,41826,0,0,0,2,5,CACHE,4,Logan Area,11,Logan Area,29,Logan,Logan
50332,332,0.0,0.0,0.00,229.9,139.6,8.1,82.2,230.5,90.5,49.1,6.7,1.4,25.9,6.9,5.5,43.8,0.0,0.0,0.6,0.0,0,0,0,0,41826,0,0,0,2,5,CACHE,4,Logan Area,11,Logan Area,29,Logan,Logan
50333,333,49.1,114.4,2.33,175.6,61.6,12.7,101.3,179.6,45.1,16.4,10.6,2.1,10.4,10.8,8.8,71.3,0.0,0.0,1.3,2.7,0,0,0,0,41826,0,0,0,2,5,CACHE,4,Logan Area,11,Logan Area,29,Logan,Logan
50334,334,41.2,97.0,2.36,940.9,433.6,21.0,486.4,946.3,290.8,142.8,17.5,3.5,17.1,305.1,14.8,149.4,0.0,0.0,3.2,2.2,0,0,0,0,25921,0,1265,0,2,5,CACHE,4,Logan Area,11,Logan Area,29,Logan,Logan
50335,335,147.6,344.2,2.33,610.5,119.6,25.3,465.5,628.0,26.2,93.5,19.3,6.0,94.6,17.8,26.4,326.7,0.0,0.0,9.5,8.0,0,0,0,0,24771,0,0,0,2,5,CACHE,4,Logan Area,11,Logan Area,29,Logan,Logan
50336,336,223.1,468.5,2.10,5.6,0.4,0.6,4.6,28.4,0.3,0.2,0.5,0.1,0.4,0.5,3.0,0.6,0.0,0.0,10.8,12.1,0,0,0,0,25921,0,0,0,2,5,CACHE,4,Logan Area,11,Logan Area,29,Logan,Logan
50337,337,210.0,399.1,1.90,5.0,0.5,0.6,3.8,18.9,0.3,0.2,0.5,0.1,2.1,0.5,0.4,0.7,0.0,0.0,2.5,11.4,0,0,0,0,54060,0,0,0,2,5,CACHE,4,Logan Area,11,Logan Area,29,Logan,Logan
50338,338,258.1,627.1,2.43,20.4,0.0,0.0,20.4,41.4,0.0,0.0,0.0,0.0,5.1,0.0,0.0,15.4,0.0,0.0,7.0,14.0,0,0,0,0,23120,0,0,0,2,5,CACHE,4,Logan Area,11,Logan Area,29,Logan,Logan
50339,339,64.3,126.0,1.96,125.1,0.0,0.0,125.1,133.6,0.0,0.0,0.0,0.0,0.0,125.1,0.0,0.0,0.0,0.0,5.1,3.5,0,0,0,0,54060,307,0,0,2,5,CACHE,4,Logan Area,11,Logan Area,29,Logan,Logan
50340,340,137.0,243.4,1.78,0.0,0.0,0.0,0.0,15.6,0.0,0.0,0.0,0.0,0.0,0.0,0.0,0.0,0.0,0.0,8.2,7.4,0,0,0,0,23090,0,0,0,2,5,CACHE,4,Logan Area,11,Logan Area,29,Logan,Logan
50341,341,226.4,592.5,2.62,0.0,0.0,0.0,0.0,37.0,0.0,0.0,0.0,0.0,0.0,0.0,0.0,0.0,0.0,0.0,24.7,12.3,0,0,0,0,26268,0,0,0,2,5,CACHE,4,Logan Area,11,Logan Area,29,Logan,Logan
50342,342,262.9,920.1,3.50,34.3,1.5,1.9,30.8,68.8,1.0,0.6,1.6,0.3,1.6,1.7,1.3,26.3,0.0,0.0,20.3,14.2,0,0,0,0,26268,0,0,0,2,5,CACHE,4,Logan Area,11,Logan Area,29,Logan,Logan
50343,343,221.4,512.6,2.31,0.0,0.0,0.0,0.0,39.2,0.0,0.0,0.0,0.0,0.0,0.0,0.0,0.0,0.0,0.0,27.2,12.0,0,0,0,0,26268,0,0,0,2,5,CACHE,4,Logan Area,11,Logan Area,29,Logan,Logan
50344,344,246.8,656.3,2.66,43.3,22.6,0.9,19.8,78.2,22.3,0.3,0.7,0.2,0.7,0.8,0.6,17.7,0.0,0.0,21.5,13.4,0,0,0,0,26268,0,0,0,2,5,CACHE,4,Logan Area,11,Logan Area,29,Logan,Logan
50345,345,421.3,1024.1,2.43,53.9,5.1,6.4,42.4,135.6,3.2,1.9,5.3,1.1,6.9,5.4,4.3,25.7,0.0,0.0,58.9,22.8,0,0,0,0,23120,0,0,0,2,5,CACHE,4,Logan Area,11,Logan Area,29,Logan,Logan
50346,346,369.7,748.1,2.02,0.0,0.0,0.0,0.0,51.7,0.0,0.0,0.0,0.0,0.0,0.0,0.0,0.0,0.0,0.0,31.7,20.0,0,0,0,0,23090,0,0,0,2,5,CACHE,4,Logan Area,11,Logan Area,29,Logan,Logan
50347,347,0.0,0.0,0.00,576.4,5.4,6.7,564.3,577.1,3.4,2.0,5.6,1.1,5.5,546.6,4.6,7.6,0.0,0.0,0.6,0.0,0,0,0,0,21420,359,0,0,2,5,CACHE,4,Logan Area,11,Logan Area,29,Logan,Logan
50348,348,29.5,65.6,2.22,0.0,0.0,0.0,0.0,1.6,0.0,0.0,0.0,0.0,0.0,0.0,0.0,0.0,0.0,0.0,0.0,1.6,0,0,0,0,68331,0,0,0,2,5,CACHE,4,Logan Area,11,Logan Area,29,Logan,Logan
50349,349,0.0,0.0,0.00,284.9,25.1,31.5,228.3,287.5,15.8,9.4,26.2,5.3,25.6,143.6,21.4,37.7,0.0,0.0,2.5,0.0,0,0,0,0,68331,0,0,0,2,5,CACHE,4,Logan Area,11,Logan Area,29,Logan,Logan
50350,350,27.7,48.0,1.73,142.3,0.0,0.0,142.3,143.8,0.0,0.0,0.0,0.0,0.0,140.2,0.0,2.1,0.0,0.0,0.0,1.5,0,0,0,0,68331,425,0,0,2,5,CACHE,4,Logan Area,11,Logan Area,29,Logan,Logan
50351,351,144.4,336.4,2.33,74.5,39.3,0.0,35.2,89.9,0.0,39.3,0.0,0.0,0.0,0.0,0.0,35.2,0.0,0.0,7.6,7.8,0,0,0,0,68331,0,0,0,2,5,CACHE,4,Logan Area,11,Logan Area,29,Logan,Logan
50352,352,123.5,266.2,2.16,115.1,4.2,4.0,107.0,126.2,3.0,1.2,3.3,0.7,3.3,3.4,7.1,93.2,0.0,0.0,4.4,6.7,0,0,0,0,91400,0,0,0,2,5,CACHE,4,Logan Area,11,Logan Area,29,Logan,Logan
50353,353,0.0,0.0,0.00,0.0,0.0,0.0,0.0,0.0,0.0,0.0,0.0,0.0,0.0,0.0,0.0,0.0,0.0,0.0,0.0,0.0,0,0,0,0,84569,0,0,0,2,5,CACHE,4,Logan Area,11,Logan Area,29,Logan,Logan
50354,354,0.0,0.0,0.00,781.3,104.3,147.9,529.1,797.7,64.3,40.0,125.9,21.9,109.9,134.5,114.2,170.5,0.0,0.0,16.5,0.0,0,0,0,0,84569,0,0,0,2,5,CACHE,4,Logan Area,11,Logan Area,29,Logan,Logan
50355,355,0.0,0.0,0.00,593.9,40.7,93.7,459.5,598.9,25.5,15.2,59.7,34.0,245.5,43.4,34.6,136.0,0.0,0.0,5.1,0.0,0,0,0,0,84569,0,0,0,2,5,CACHE,4,Logan Area,11,Logan Area,29,Logan,Logan
50356,356,0.0,0.0,0.00,276.2,59.3,48.1,168.8,282.5,44.7,14.5,40.2,7.9,40.0,40.9,33.5,54.3,0.0,0.0,6.3,0.0,0,0,0,0,84569,0,0,0,2,5,CACHE,4,Logan Area,11,Logan Area,29,Logan,Logan
50357,357,100.8,300.2,2.98,1142.8,96.7,166.3,879.8,1160.3,80.6,16.1,45.0,121.3,223.7,287.0,36.9,332.2,0.0,0.0,12.0,5.5,0,0,0,0,31634,0,0,0,2,5,CACHE,4,Logan Area,11,Logan Area,29,Logan,Logan
50358,358,354.6,959.3,2.71,328.0,29.7,105.4,193.0,424.5,27.1,2.5,59.5,45.9,58.0,7.2,5.8,121.9,0.0,0.0,77.2,19.2,0,0,0,0,31634,0,0,0,2,5,CACHE,4,Logan Area,11,Logan Area,29,Logan,Logan
50359,359,186.1,487.0,2.62,6.4,0.3,0.4,5.7,32.3,0.2,0.1,0.4,0.1,2.0,0.4,0.3,3.0,0.0,0.0,15.8,10.1,0,0,0,0,31634,0,0,0,2,5,CACHE,4,Logan Area,11,Logan Area,29,Logan,Logan
50360,360,175.0,417.6,2.39,5.8,0.4,0.5,4.9,34.3,0.3,0.2,0.4,0.1,3.5,0.4,0.4,0.6,0.0,0.0,19.0,9.5,0,0,0,0,31634,0,0,0,2,5,CACHE,4,Logan Area,11,Logan Area,29,Logan,Logan
50361,361,211.8,443.3,2.09,24.1,0.0,1.0,23.1,48.2,0.0,0.0,0.0,1.0,0.0,0.0,1.5,21.6,0.0,0.0,12.7,11.5,0,0,0,0,31634,0,0,0,2,5,CACHE,4,Logan Area,11,Logan Area,29,Logan,Logan
50362,362,56.2,140.5,2.50,0.0,0.0,0.0,0.0,9.3,0.0,0.0,0.0,0.0,0.0,0.0,0.0,0.0,0.0,0.0,6.3,3.0,0,0,0,0,26121,0,0,0,2,5,CACHE,4,Logan Area,11,Logan Area,29,Logan,Logan
50363,363,128.1,278.3,2.17,241.3,28.4,35.8,177.1,271.6,17.7,10.7,29.8,6.0,29.3,82.8,24.5,40.6,0.0,0.0,23.4,6.9,0,0,0,0,31634,305,0,0,2,5,CACHE,4,Logan Area,11,Logan Area,29,Logan,Logan
50364,364,172.8,308.8,1.79,414.9,14.9,18.7,381.4,437.0,9.3,5.6,15.5,3.1,15.2,15.9,329.2,21.1,0.0,0.0,12.7,9.4,0,0,0,0,26121,0,0,0,2,5,CACHE,4,Logan Area,11,Logan Area,29,Logan,Logan
50365,365,187.6,380.3,2.03,5.0,0.5,0.6,3.8,31.6,0.3,0.2,0.5,0.1,2.1,0.5,0.4,0.7,0.0,0.0,16.5,10.2,0,0,0,0,26121,0,0,0,2,5,CACHE,4,Logan Area,11,Logan Area,29,Logan,Logan
50366,366,203.8,279.2,1.37,137.4,19.1,14.3,104.0,156.0,3.5,15.6,5.8,8.4,10.3,6.0,50.3,37.5,0.0,0.0,7.6,11.0,0,0,0,0,26121,0,0,0,2,5,CACHE,4,Logan Area,11,Logan Area,29,Logan,Logan
50367,367,86.3,159.6,1.85,323.3,119.0,29.1,175.2,336.2,66.2,52.9,15.3,13.9,34.0,26.9,21.2,93.1,0.0,0.0,8.2,4.7,0,0,0,0,26121,0,0,0,2,5,CACHE,4,Logan Area,11,Logan Area,29,Logan,Logan
50368,368,160.2,501.2,3.13,1011.3,73.4,120.5,817.4,1069.4,53.5,19.9,51.4,69.0,256.1,393.4,40.4,127.5,0.0,0.0,49.4,8.7,0,0,0,0,26121,0,0,0,2,5,CACHE,4,Logan Area,11,Logan Area,29,Logan,Logan
50369,369,1.0,1.6,1.62,574.9,315.3,17.0,242.6,575.6,234.9,80.4,15.4,1.6,12.4,5.3,5.6,219.3,0.0,0.0,0.6,0.1,0,0,0,0,24771,0,0,0,2,5,CACHE,4,Logan Area,11,Logan Area,29,Logan,Logan
50370,370,77.3,170.7,2.21,722.9,248.3,77.7,396.9,732.8,126.7,121.6,67.0,10.7,101.6,54.0,51.0,190.2,0.0,0.0,5.7,4.2,0,0,0,0,24771,0,0,0,2,5,CACHE,4,Logan Area,11,Logan Area,29,Logan,Logan
50371,371,112.4,193.8,1.72,230.0,75.7,18.8,135.5,243.7,9.4,66.3,15.7,3.1,16.7,16.0,29.2,73.6,0.0,0.0,7.6,6.1,0,0,0,0,24771,0,0,0,2,5,CACHE,4,Logan Area,11,Logan Area,29,Logan,Logan
50372,372,145.8,241.3,1.66,113.3,2.7,3.4,107.2,123.1,1.7,1.0,2.8,0.6,2.8,2.9,97.7,3.9,0.0,0.0,1.9,7.9,0,0,0,0,54060,0,0,0,2,5,CACHE,4,Logan Area,11,Logan Area,29,Logan,Logan
50373,373,501.9,861.1,1.72,92.1,0.0,0.9,91.2,129.4,0.0,0.0,0.0,0.9,0.0,20.4,12.0,58.8,0.0,0.0,10.1,27.2,0,0,0,0,31833,0,0,0,2,5,CACHE,4,Logan Area,11,Logan Area,29,Logan,Logan
50374,374,103.7,179.3,1.73,0.0,0.0,0.0,0.0,11.9,0.0,0.0,0.0,0.0,0.0,0.0,0.0,0.0,0.0,0.0,6.3,5.6,0,0,0,0,23090,0,0,0,2,5,CACHE,4,Logan Area,11,Logan Area,29,Logan,Logan
50375,375,106.8,277.0,2.59,0.0,0.0,0.0,0.0,11.5,0.0,0.0,0.0,0.0,0.0,0.0,0.0,0.0,0.0,0.0,5.7,5.8,0,0,0,0,54060,0,0,0,2,5,CACHE,4,Logan Area,11,Logan Area,29,Logan,Logan
50376,376,77.5,172.9,2.23,0.0,0.0,0.0,0.0,7.4,0.0,0.0,0.0,0.0,0.0,0.0,0.0,0.0,0.0,0.0,3.2,4.2,0,0,0,0,23090,0,0,0,2,5,CACHE,4,Logan Area,11,Logan Area,29,Logan,Logan
50377,377,87.6,225.0,2.57,0.0,0.0,0.0,0.0,7.2,0.0,0.0,0.0,0.0,0.0,0.0,0.0,0.0,0.0,0.0,2.5,4.7,0,0,0,0,23090,0,0,0,2,5,CACHE,4,Logan Area,11,Logan Area,29,Logan,Logan
50378,378,58.5,182.6,3.12,2407.0,90.2,72.8,2244.0,2417.8,36.2,54.0,60.6,12.2,59.5,2043.6,49.9,91.0,0.0,0.0,7.6,3.2,0,0,0,0,21420,0,0,0,2,5,CACHE,4,Logan Area,11,Logan Area,29,Logan,Logan
50379,379,0.0,0.0,0.00,36.3,0.0,0.0,36.3,36.3,0.0,0.0,0.0,0.0,0.0,36.3,0.0,0.0,0.0,0.0,0.0,0.0,0,0,0,0,68331,0,0,0,2,5,CACHE,4,Logan Area,11,Logan Area,29,Logan,Logan
50380,380,167.0,281.9,1.69,117.5,47.9,3.8,65.9,147.4,1.9,46.0,3.1,0.6,3.1,39.9,5.4,17.5,0.0,0.0,20.9,9.0,0,0,0,0,30940,0,0,0,2,5,CACHE,4,Logan Area,11,Logan Area,29,Logan,Logan
50381,381,0.0,0.0,0.00,0.0,0.0,0.0,0.0,11.3,0.0,0.0,0.0,0.0,0.0,0.0,0.0,0.0,11.3,0.0,0.0,0.0,0,0,0,0,84569,0,0,0,2,5,CACHE,2,West Cache County,7,County Area West of Logan,29,Logan,Logan
50382,382,0.0,0.0,0.00,14.5,0.0,9.2,5.3,20.1,0.0,0.0,9.2,0.0,0.0,5.3,0.0,0.0,5.7,0.0,0.0,0.0,0,0,0,0,84569,0,0,0,2,5,CACHE,2,West Cache County,7,County Area West of Logan,29,Logan,Logan
50383,383,5.1,14.0,2.74,0.0,0.0,0.0,0.0,3.5,0.0,0.0,0.0,0.0,0.0,0.0,0.0,0.0,0.0,0.0,3.2,0.3,0,0,0,0,84569,0,0,0,2,5,CACHE,2,West Cache County,7,County Area West of Logan,29,Logan,Logan
50384,384,5.9,7.1,1.20,627.6,81.2,109.6,436.7,639.2,50.2,31.0,85.8,23.9,85.0,87.7,71.0,193.0,0.0,0.0,11.4,0.3,0,0,0,0,84569,0,0,0,2,5,CACHE,2,West Cache County,7,County Area West of Logan,29,Logan,Logan
50385,385,0.0,0.0,0.00,0.0,0.0,0.0,0.0,5.7,0.0,0.0,0.0,0.0,0.0,0.0,0.0,0.0,5.7,0.0,0.0,0.0,0,0,0,0,84569,0,0,0,2,5,CACHE,2,West Cache County,7,County Area West of Logan,29,Logan,Logan
50386,386,0.0,0.0,0.00,288.8,23.0,28.7,237.1,291.4,14.4,8.6,23.9,4.8,23.4,46.4,19.5,147.8,0.0,0.0,2.5,0.0,0,0,0,0,84569,0,0,0,2,5,CACHE,4,Logan Area,11,Logan Area,29,Logan,Logan
50387,387,16.3,44.3,2.71,935.5,129.9,315.2,490.3,950.3,96.2,33.7,93.8,221.5,91.7,96.2,76.7,225.8,0.0,0.0,13.9,0.9,0,0,0,0,84569,0,0,0,2,5,CACHE,4,Logan Area,11,Logan Area,29,Logan,Logan
50388,388,6.7,29.0,4.34,1301.8,275.7,294.8,731.3,1318.1,97.6,178.2,257.5,37.3,249.3,150.4,113.4,218.2,0.0,0.0,15.8,0.4,0,0,0,0,51376,0,0,0,2,5,CACHE,4,Logan Area,11,Logan Area,29,Logan,Logan
50389,389,137.0,341.5,2.49,114.5,9.4,11.8,93.3,131.4,5.9,3.5,9.8,2.0,12.9,10.0,9.4,61.0,0.0,0.0,9.5,7.4,0,0,0,0,51376,0,0,0,2,5,CACHE,4,Logan Area,11,Logan Area,29,Logan,Logan
50390,390,164.0,291.4,1.78,14.5,0.0,0.0,14.5,36.1,0.0,0.0,0.0,0.0,1.5,6.1,6.8,0.0,0.0,0.0,12.7,8.9,0,0,0,0,38556,0,0,0,2,5,CACHE,4,Logan Area,11,Logan Area,29,Logan,Logan
50391,391,140.1,401.1,2.86,5.8,0.5,0.6,4.7,28.6,0.3,0.2,0.5,0.1,0.5,0.5,0.4,3.3,0.0,0.0,15.2,7.6,0,0,0,0,51376,0,0,0,2,5,CACHE,4,Logan Area,11,Logan Area,29,Logan,Logan
50392,392,108.1,211.1,1.95,48.5,5.5,9.9,33.0,60.6,3.5,2.1,5.8,4.1,5.7,14.6,4.8,7.9,0.0,0.0,6.3,5.8,0,0,0,0,38556,0,0,0,2,5,CACHE,4,Logan Area,11,Logan Area,29,Logan,Logan
50393,393,75.5,90.5,1.20,2983.9,439.4,188.3,2356.2,3005.7,327.8,111.5,149.0,39.2,183.5,833.4,410.5,928.7,0.0,0.0,17.7,4.1,0,0,0,0,38556,0,0,0,2,5,CACHE,4,Logan Area,11,Logan Area,29,Logan,Logan
50394,394,56.2,100.0,1.78,1552.0,128.6,136.3,1287.1,1572.7,76.9,51.7,117.2,19.1,797.6,211.9,82.8,194.8,0.0,0.0,17.7,3.0,0,0,0,0,24771,0,0,0,2,5,CACHE,4,Logan Area,11,Logan Area,29,Logan,Logan
50395,395,114.0,157.8,1.38,196.4,32.2,7.2,157.0,203.2,7.5,24.7,6.4,0.9,26.7,4.5,113.7,12.1,0.0,0.0,0.6,6.2,0,0,0,0,24771,0,0,0,2,5,CACHE,4,Logan Area,11,Logan Area,29,Logan,Logan
50396,396,76.1,188.3,2.47,0.0,0.0,0.0,0.0,7.3,0.0,0.0,0.0,0.0,0.0,0.0,0.0,0.0,0.0,0.0,3.2,4.1,0,0,0,0,31833,0,0,0,2,5,CACHE,4,Logan Area,11,Logan Area,29,Logan,Logan
50397,397,0.0,0.0,0.00,0.0,0.0,0.0,0.0,0.0,0.0,0.0,0.0,0.0,0.0,0.0,0.0,0.0,0.0,0.0,0.0,0.0,0,0,0,0,32181,0,0,0,2,5,CACHE,4,Logan Area,11,Logan Area,29,Logan,Logan
50398,398,136.5,282.0,2.07,9.0,0.1,6.9,2.0,24.6,0.1,0.0,6.9,0.0,0.1,0.1,1.6,0.2,0.0,0.0,8.2,7.4,0,0,0,0,32181,0,0,0,2,5,CACHE,4,Logan Area,11,Logan Area,29,Logan,Logan
50399,399,231.8,419.7,1.81,19.4,0.0,5.2,14.1,41.4,0.0,0.0,0.0,5.2,0.0,0.0,0.0,14.1,0.0,0.0,9.5,12.5,0,0,0,0,32181,0,0,0,2,5,CACHE,4,Logan Area,11,Logan Area,29,Logan,Logan
50400,400,378.7,776.6,2.05,15.5,0.0,0.0,15.5,41.7,0.0,0.0,0.0,0.0,1.3,0.0,14.1,0.0,0.0,0.0,5.7,20.5,0,0,0,0,32181,0,0,0,2,5,CACHE,4,Logan Area,11,Logan Area,29,Logan,Logan
50401,401,194.4,398.1,2.05,17.0,0.7,0.9,15.4,42.7,0.5,0.3,0.8,0.2,4.1,0.8,2.0,8.6,0.0,0.0,15.2,10.5,0,0,0,0,30940,0,0,0,2,5,CACHE,4,Logan Area,11,Logan Area,29,Logan,Logan
50402,402,641.1,1697.1,2.65,138.2,15.3,13.3,109.7,222.3,0.8,14.5,6.9,6.3,17.8,31.6,48.3,11.9,0.0,0.0,49.4,34.7,0,0,0,0,97729,0,0,0,2,5,CACHE,4,Logan Area,11,Logan Area,29,Logan,Logan
50403,403,134.6,287.5,2.14,293.8,0.0,15.4,278.4,309.9,0.0,0.0,8.8,6.6,4.3,63.9,54.1,156.1,0.0,0.0,8.9,7.3,0,0,0,0,51376,138,38,0,2,5,CACHE,4,Logan Area,11,Logan Area,29,Logan,Logan
50404,404,103.1,234.9,2.28,6.1,1.4,1.4,3.3,18.1,0.2,1.1,1.3,0.1,2.1,0.4,0.3,0.5,0.0,0.0,6.3,5.6,0,0,0,0,51376,0,0,0,2,5,CACHE,4,Logan Area,11,Logan Area,29,Logan,Logan
50405,405,82.8,182.9,2.21,776.6,0.0,0.0,776.6,791.2,0.0,0.0,0.0,0.0,0.0,37.3,0.0,739.3,0.0,0.0,10.1,4.5,0,0,0,0,38556,0,0,0,2,5,CACHE,4,Logan Area,11,Logan Area,29,Logan,Logan
50406,406,27.9,48.9,1.75,1379.1,0.0,0.0,1379.1,1383.8,0.0,0.0,0.0,0.0,0.0,357.4,0.0,1021.8,0.0,0.0,3.2,1.5,0,0,0,0,34946,0,0,1485,2,5,CACHE,4,Logan Area,11,Logan Area,29,Logan,Logan
50407,407,238.5,618.8,2.59,865.9,250.2,95.5,520.2,928.2,90.6,159.6,72.3,23.2,74.6,129.4,93.2,223.0,0.0,0.0,49.4,12.9,0,0,0,0,34946,0,0,0,2,5,CACHE,4,Logan Area,11,Logan Area,29,Logan,Logan
50408,408,132.6,229.3,1.73,1129.0,104.1,42.9,982.0,1149.5,52.5,51.6,35.7,7.2,82.1,36.6,29.3,834.0,0.0,0.0,13.3,7.2,0,0,0,0,55463,0,0,0,2,5,CACHE,4,Logan Area,11,Logan Area,29,Logan,Logan
50409,409,207.4,455.8,2.20,101.2,4.6,41.4,55.1,125.7,2.9,1.7,40.4,1.0,13.1,4.9,12.7,24.4,0.0,0.0,13.3,11.2,0,0,0,0,55463,0,0,0,2,5,CACHE,4,Logan Area,11,Logan Area,29,Logan,Logan
50410,410,166.3,413.0,2.48,0.0,0.0,0.0,0.0,20.4,0.0,0.0,0.0,0.0,0.0,0.0,0.0,0.0,0.0,0.0,11.4,9.0,0,0,0,0,37897,0,0,0,2,5,CACHE,4,Logan Area,11,Logan Area,29,Logan,Logan
50411,411,214.3,487.3,2.27,232.4,20.2,0.0,212.2,255.4,20.2,0.0,0.0,0.0,0.0,137.1,0.0,75.1,0.0,0.0,11.4,11.6,0,0,0,0,37897,473,0,0,2,5,CACHE,4,Logan Area,11,Logan Area,29,Logan,Logan
50412,412,38.4,64.5,1.68,3.6,0.1,0.2,3.3,7.6,0.1,0.1,0.1,0.0,0.1,0.1,0.1,2.9,0.0,0.0,1.9,2.1,0,0,0,0,37897,0,0,0,2,5,CACHE,4,Logan Area,11,Logan Area,29,Logan,Logan
50413,413,56.2,179.4,3.19,5.5,0.5,2.7,2.3,14.9,0.3,0.2,0.6,2.2,0.5,0.6,0.5,0.8,0.0,0.0,6.3,3.0,0,0,0,0,97729,0,0,0,2,5,CACHE,4,Logan Area,11,Logan Area,29,Logan,Logan
50414,414,605.0,1617.9,2.67,64.9,7.3,21.7,35.8,156.5,7.3,0.0,0.7,20.9,8.8,1.5,12.3,13.3,0.0,0.0,58.9,32.7,0,0,0,0,91957,0,0,0,2,5,CACHE,5,South of Logan - Wellsville Area,12,"Providence, Millville, Nibley Area",29,Logan,Logan
50415,415,97.9,182.5,1.86,151.8,20.5,39.8,91.5,203.4,12.6,7.9,33.6,6.2,21.7,22.2,18.1,29.5,0.0,0.0,46.2,5.3,0,0,0,0,84569,0,0,0,2,5,CACHE,4,Logan Area,11,Logan Area,29,Logan,Logan
50416,416,384.5,1136.6,2.96,21.7,0.0,0.0,21.7,109.6,0.0,0.0,0.0,0.0,0.0,0.0,0.0,21.7,0.0,0.0,67.1,20.8,0,0,0,0,84569,0,0,0,2,5,CACHE,4,Logan Area,11,Logan Area,29,Logan,Logan
50417,417,302.2,867.5,2.87,223.4,22.8,103.1,97.6,250.0,15.1,7.7,39.6,63.5,20.9,21.9,23.5,31.3,0.0,0.0,10.1,16.4,0,0,0,0,51719,0,0,0,2,5,CACHE,4,Logan Area,11,Logan Area,29,Logan,Logan
50418,418,165.4,448.8,2.71,5.0,0.5,0.6,3.8,25.4,0.3,0.2,0.5,0.1,2.1,0.5,0.4,0.7,0.0,0.0,11.4,9.0,0,0,0,0,51765,0,0,0,2,5,CACHE,4,Logan Area,11,Logan Area,29,Logan,Logan
50419,419,44.4,144.4,3.25,8.2,0.1,0.2,7.8,13.7,0.1,0.1,0.1,0.0,0.1,0.1,7.4,0.2,0.0,0.0,3.2,2.4,0,0,0,0,51719,0,0,0,2,5,CACHE,4,Logan Area,11,Logan Area,29,Logan,Logan
50420,420,118.8,270.2,2.27,100.2,0.0,46.9,53.4,118.0,0.0,0.0,30.7,16.1,53.4,0.0,0.0,0.0,0.0,0.0,11.4,6.4,0,0,0,0,34946,0,0,0,2,5,CACHE,4,Logan Area,11,Logan Area,29,Logan,Logan
50421,421,68.0,210.4,3.10,8.2,0.1,0.2,7.8,13.8,0.1,0.1,0.1,0.0,0.1,0.1,7.4,0.2,0.0,0.0,1.9,3.7,0,0,0,0,51719,0,0,0,2,5,CACHE,4,Logan Area,11,Logan Area,29,Logan,Logan
50422,422,136.5,316.1,2.32,93.6,5.7,7.1,80.9,109.9,3.5,2.1,5.9,1.2,5.8,50.3,16.8,8.0,0.0,0.0,8.9,7.4,0,0,0,0,34946,0,0,0,2,5,CACHE,4,Logan Area,11,Logan Area,29,Logan,Logan
50423,423,76.0,182.8,2.41,206.1,3.4,15.0,187.7,222.8,2.1,1.3,14.3,0.7,21.7,3.6,157.6,4.8,0.0,0.0,12.7,4.1,0,0,0,0,34946,0,0,0,2,5,CACHE,4,Logan Area,11,Logan Area,29,Logan,Logan
50424,424,51.2,106.7,2.08,72.9,24.4,18.2,30.3,76.9,22.3,2.1,17.0,1.2,5.9,6.1,5.0,13.3,0.0,0.0,1.3,2.8,0,0,0,0,34946,0,0,0,2,5,CACHE,4,Logan Area,11,Logan Area,29,Logan,Logan
50425,425,24.2,53.6,2.22,57.0,16.2,9.0,31.7,59.5,4.4,11.8,7.6,1.5,7.5,7.7,6.3,10.2,0.0,0.0,1.3,1.3,0,0,0,0,55463,0,0,0,2,5,CACHE,4,Logan Area,11,Logan Area,29,Logan,Logan
50426,426,75.5,141.9,1.88,3.6,1.3,0.2,2.2,11.5,1.2,0.0,0.1,0.0,1.8,0.1,0.1,0.2,0.0,0.0,3.8,4.1,0,0,0,0,55463,0,0,0,2,5,CACHE,4,Logan Area,11,Logan Area,29,Logan,Logan
50427,427,66.3,187.8,2.83,0.0,0.0,0.0,0.0,8.0,0.0,0.0,0.0,0.0,0.0,0.0,0.0,0.0,0.0,0.0,4.4,3.6,0,0,0,0,51765,0,0,0,2,5,CACHE,4,Logan Area,11,Logan Area,29,Logan,Logan
50428,428,33.9,94.4,2.78,187.3,22.5,28.3,136.5,194.1,14.0,8.5,23.6,4.7,23.2,27.4,19.4,66.5,0.0,0.0,5.1,1.8,0,0,0,0,42341,0,0,0,2,5,CACHE,4,Logan Area,11,Logan Area,29,Logan,Logan
50429,429,162.5,373.6,2.30,0.0,0.0,0.0,0.0,14.5,0.0,0.0,0.0,0.0,0.0,0.0,0.0,0.0,0.0,0.0,5.7,8.8,0,0,0,0,42341,0,0,0,2,5,CACHE,4,Logan Area,11,Logan Area,29,Logan,Logan
50430,430,58.0,138.1,2.38,84.9,9.9,12.5,62.6,89.3,6.1,3.7,10.4,2.1,10.3,19.1,8.6,24.6,0.0,0.0,1.3,3.1,0,0,0,0,42341,0,0,0,2,5,CACHE,4,Logan Area,11,Logan Area,29,Logan,Logan
50431,431,24.6,61.2,2.49,179.2,40.7,66.9,71.6,188.8,17.0,23.7,63.7,3.2,17.1,17.3,14.6,22.7,0.0,0.0,8.2,1.3,0,0,0,0,55463,0,0,0,2,5,CACHE,4,Logan Area,11,Logan Area,29,Logan,Logan
50432,432,213.3,716.0,3.36,5.8,0.5,0.6,4.7,23.6,0.3,0.2,0.5,0.1,0.5,0.5,0.4,3.3,0.0,0.0,6.3,11.5,0,0,0,0,35551,0,0,0,2,5,CACHE,4,Logan Area,11,Logan Area,29,Logan,Logan
50433,433,53.7,147.2,2.74,0.0,0.0,0.0,0.0,49.1,0.0,0.0,0.0,0.0,0.0,0.0,0.0,0.0,5.7,0.0,40.5,2.9,0,0,0,0,35551,0,0,0,2,5,CACHE,4,Logan Area,11,Logan Area,29,Logan,Logan
50434,434,311.1,924.5,2.97,20.6,2.2,3.7,14.8,80.5,1.4,0.8,2.3,1.4,2.2,2.3,1.8,8.4,0.0,0.0,43.0,16.8,0,0,0,0,35551,0,0,0,2,5,CACHE,4,Logan Area,11,Logan Area,29,Logan,Logan
50435,435,128.2,336.6,2.63,73.3,2.6,3.3,67.5,90.3,1.6,1.0,2.7,0.5,2.7,56.4,2.2,6.2,0.0,0.0,10.1,6.9,0,0,0,0,51765,645,0,0,2,5,CACHE,4,Logan Area,11,Logan Area,29,Logan,Logan
50436,436,195.9,657.2,3.36,5.0,0.5,0.6,3.8,39.6,0.3,0.2,0.5,0.1,2.1,0.5,0.4,0.7,0.0,0.0,24.1,10.6,0,0,0,0,51765,0,0,0,2,5,CACHE,4,Logan Area,11,Logan Area,29,Logan,Logan
50437,437,93.9,299.3,3.19,16.1,0.3,0.4,15.4,29.4,0.2,0.1,0.3,0.1,14.4,0.3,0.3,0.4,0.0,0.0,8.2,5.1,0,0,0,0,51765,0,0,0,2,5,CACHE,4,Logan Area,11,Logan Area,29,Logan,Logan
50438,438,65.1,205.1,3.15,7.2,0.3,0.3,6.6,15.7,0.2,0.1,0.3,0.1,0.3,0.3,0.2,5.8,0.0,0.0,5.1,3.5,0,0,0,0,51765,0,0,0,2,5,CACHE,4,Logan Area,11,Logan Area,29,Logan,Logan
50439,439,192.6,428.5,2.22,10.0,1.1,1.4,7.5,34.3,0.7,0.4,1.2,0.2,1.1,1.2,1.0,4.2,5.7,0.0,8.2,10.4,0,0,0,0,42341,0,0,0,2,5,CACHE,4,Logan Area,11,Logan Area,29,Logan,Logan
50440,440,400.3,894.1,2.23,30.2,1.0,0.0,29.2,67.1,1.0,0.0,0.0,0.0,0.0,0.0,17.5,11.7,0.0,0.0,15.2,21.7,0,0,0,0,42341,0,0,0,2,5,CACHE,4,Logan Area,11,Logan Area,29,Logan,Logan
50441,441,40.5,109.5,2.71,346.3,13.3,16.6,316.4,360.5,8.3,5.0,13.8,2.8,198.0,60.8,11.3,46.3,0.0,0.0,12.0,2.2,0,0,0,0,42341,0,0,0,2,5,CACHE,4,Logan Area,11,Logan Area,29,Logan,Logan
50442,442,14.5,17.4,1.20,433.4,72.4,50.1,311.0,445.0,25.0,47.4,41.6,8.4,63.8,73.0,110.6,63.6,0.0,0.0,10.8,0.8,0,0,0,0,42341,0,0,0,2,5,CACHE,4,Logan Area,11,Logan Area,29,Logan,Logan
50443,443,53.7,147.2,2.74,0.0,0.0,0.0,0.0,47.9,0.0,0.0,0.0,0.0,0.0,0.0,0.0,0.0,4.5,0.0,40.5,2.9,0,0,0,0,35551,0,0,0,2,5,CACHE,4,Logan Area,11,Logan Area,29,Logan,Logan
50444,444,136.5,387.1,2.84,6.9,0.8,1.0,5.1,28.2,0.5,0.3,0.8,0.2,2.5,0.9,0.7,1.1,5.7,0.0,8.2,7.4,0,0,0,0,35551,0,0,0,2,5,CACHE,4,Logan Area,11,Logan Area,29,Logan,Logan
50445,445,218.3,692.5,3.17,96.2,86.3,0.0,9.9,134.6,0.0,86.3,0.0,0.0,1.5,8.4,0.0,0.0,0.0,0.0,26.6,11.8,0,0,0,0,35551,0,0,0,2,5,CACHE,4,Logan Area,11,Logan Area,29,Logan,Logan
50446,446,71.0,150.1,2.12,1102.1,93.9,11.4,996.9,1109.7,0.0,93.9,0.0,11.4,116.0,144.5,234.1,502.4,0.0,0.0,3.8,3.8,0,0,0,0,42341,0,0,0,2,5,CACHE,4,Logan Area,11,Logan Area,29,Logan,Logan
50447,447,44.4,201.4,4.54,0.0,0.0,0.0,0.0,46.9,0.0,0.0,0.0,0.0,0.0,0.0,0.0,0.0,3.4,0.0,41.1,2.4,0,0,0,0,35551,0,0,0,2,5,CACHE,4,Logan Area,11,Logan Area,29,Logan,Logan
50448,448,108.2,364.8,3.37,0.0,0.0,0.0,0.0,75.1,0.0,0.0,0.0,0.0,0.0,0.0,0.0,0.0,3.4,0.0,65.8,5.9,0,0,0,0,35551,0,0,0,2,5,CACHE,4,Logan Area,11,Logan Area,29,Logan,Logan
50449,449,452.3,1215.7,2.69,241.0,33.3,42.4,165.2,306.6,20.5,12.8,35.5,7.0,35.5,36.1,32.7,61.0,0.0,0.0,41.1,24.5,0,0,0,0,35551,0,0,0,2,5,CACHE,4,Logan Area,11,Logan Area,29,Logan,Logan
50450,450,0.0,0.0,0.00,930.9,10.5,874.6,45.9,932.2,6.5,3.9,872.4,2.2,10.8,11.2,9.0,14.9,0.0,0.0,1.3,0.0,0,0,0,0,35551,0,0,0,2,5,CACHE,4,Logan Area,11,Logan Area,29,Logan,Logan
50451,451,0.0,0.0,0.00,1657.8,51.3,1342.0,264.6,1667.3,31.9,19.4,1331.3,10.7,91.5,55.1,45.0,73.0,0.0,0.0,9.5,0.0,0,0,0,0,35551,0,0,0,2,5,CACHE,4,Logan Area,11,Logan Area,29,Logan,Logan
50452,452,151.9,461.2,3.04,0.0,0.0,0.0,0.0,102.9,0.0,0.0,0.0,0.0,0.0,0.0,0.0,0.0,2.3,0.0,92.4,8.2,0,0,0,0,35551,0,0,0,2,5,CACHE,4,Logan Area,11,Logan Area,29,Logan,Logan
50453,453,423.4,1186.3,2.80,187.5,34.8,30.2,122.5,271.8,26.6,8.2,25.6,4.6,41.4,23.4,21.7,36.1,0.0,0.0,61.4,22.9,0,0,0,0,35551,0,0,0,2,5,CACHE,4,Logan Area,11,Logan Area,29,Logan,Logan
50454,454,215.1,631.8,2.94,47.6,7.5,22.3,17.8,195.9,6.1,1.4,3.8,18.4,5.5,3.9,3.1,5.2,5.7,0.0,131.0,11.6,0,0,0,0,35551,0,0,0,2,5,CACHE,4,Logan Area,11,Logan Area,29,Logan,Logan
50455,455,17.4,66.2,3.81,0.0,0.0,0.0,0.0,6.6,0.0,0.0,0.0,0.0,0.0,0.0,0.0,0.0,0.0,0.0,5.7,0.9,0,0,0,0,35551,0,0,0,2,5,CACHE,4,Logan Area,11,Logan Area,29,Logan,Logan
50456,456,0.0,0.0,0.00,1192.4,783.9,58.7,349.7,1281.1,434.0,349.8,48.9,9.9,47.9,50.1,65.7,186.1,0.0,82.4,6.3,0.0,0,0,0,0,61832,0,0,0,2,5,CACHE,5,South of Logan - Wellsville Area,12,"Providence, Millville, Nibley Area",29,Logan,Logan
50457,457,460.7,1361.2,2.95,347.2,31.8,90.5,224.9,392.4,29.8,2.0,81.7,8.8,6.3,5.8,45.2,167.6,0.0,0.0,20.3,24.9,0,0,0,0,58178,0,0,0,2,5,CACHE,5,South of Logan - Wellsville Area,12,"Providence, Millville, Nibley Area",29,Logan,Logan
50458,458,0.0,0.0,0.00,223.7,7.2,185.1,31.4,224.3,4.5,2.7,183.5,1.5,7.4,7.7,6.2,10.2,0.0,0.0,0.6,0.0,0,0,0,0,83645,0,0,0,2,5,CACHE,5,South of Logan - Wellsville Area,12,"Providence, Millville, Nibley Area",29,Logan,Logan
50459,459,45.0,54.8,1.22,178.7,25.2,32.2,121.3,197.9,15.5,9.7,27.0,5.2,27.1,27.4,22.8,44.0,2.3,0.0,14.6,2.4,0,0,0,0,83645,0,0,0,2,5,CACHE,5,South of Logan - Wellsville Area,12,"Providence, Millville, Nibley Area",29,Logan,Logan
50460,460,642.0,2539.5,3.96,633.5,117.4,103.6,412.6,791.4,76.0,41.4,86.3,17.2,85.6,88.2,71.5,167.3,2.3,0.0,120.9,34.7,0,0,0,0,83645,0,0,0,2,5,CACHE,5,South of Logan - Wellsville Area,12,"Providence, Millville, Nibley Area",29,Logan,Logan
50461,461,0.0,0.0,0.00,3157.4,217.0,0.0,2940.4,3157.4,0.0,217.0,0.0,0.0,2869.7,55.8,0.0,14.9,0.0,0.0,0.0,0.0,0,0,0,0,49742,0,0,0,2,5,CACHE,5,South of Logan - Wellsville Area,12,"Providence, Millville, Nibley Area",29,Logan,Logan
50462,462,768.8,1956.3,2.54,66.6,3.4,4.2,59.1,227.9,2.1,1.3,3.5,0.7,5.0,3.6,2.9,47.6,0.0,0.0,119.6,41.6,0,0,0,0,49742,0,0,0,2,5,CACHE,5,South of Logan - Wellsville Area,12,"Providence, Millville, Nibley Area",29,Logan,Logan
50463,463,122.4,290.3,2.37,282.3,0.0,0.0,282.3,289.5,0.0,0.0,0.0,0.0,0.8,237.6,0.0,43.9,0.0,0.0,0.6,6.6,0,0,0,0,49742,0,0,0,2,5,CACHE,5,South of Logan - Wellsville Area,12,"Providence, Millville, Nibley Area",38,River Heights,River Heights
50464,464,108.0,292.1,2.71,11.8,1.4,1.7,8.7,18.2,0.8,0.5,1.4,0.3,1.4,1.5,1.2,4.6,0.0,0.0,0.6,5.8,0,0,0,0,49742,0,0,0,2,5,CACHE,5,South of Logan - Wellsville Area,12,"Providence, Millville, Nibley Area",38,River Heights,River Heights
50465,465,177.8,614.4,3.46,18.3,3.7,0.1,14.4,28.5,3.7,0.0,0.1,0.0,3.6,0.1,0.1,10.7,0.0,0.0,0.6,9.6,0,0,0,0,49742,0,0,0,2,5,CACHE,5,South of Logan - Wellsville Area,12,"Providence, Millville, Nibley Area",38,River Heights,River Heights
50466,466,78.1,201.1,2.57,61.6,26.4,0.0,35.3,67.7,0.0,26.4,0.0,0.0,1.6,0.0,1.4,32.3,0.0,0.0,1.9,4.2,0,0,0,0,91957,0,0,0,2,5,CACHE,5,South of Logan - Wellsville Area,12,"Providence, Millville, Nibley Area",38,River Heights,River Heights
50467,467,86.6,219.9,2.54,4.5,0.3,0.4,3.9,9.9,0.2,0.1,0.3,0.1,0.3,0.3,0.2,3.1,0.0,0.0,0.6,4.7,0,0,0,0,49742,0,0,0,2,5,CACHE,5,South of Logan - Wellsville Area,12,"Providence, Millville, Nibley Area",38,River Heights,River Heights
50468,468,49.7,172.0,3.46,43.2,4.5,5.7,33.0,48.5,2.8,1.7,4.8,0.9,4.7,4.8,4.0,19.5,0.0,0.0,2.5,2.7,0,0,0,0,61832,0,0,0,2,5,CACHE,5,South of Logan - Wellsville Area,12,"Providence, Millville, Nibley Area",38,River Heights,River Heights
50469,469,23.4,60.4,2.58,41.1,2.8,3.5,34.8,50.0,1.7,1.1,3.0,0.6,3.0,3.0,24.8,4.0,5.7,0.0,1.9,1.3,0,0,0,0,61832,525,0,0,2,5,CACHE,5,South of Logan - Wellsville Area,12,"Providence, Millville, Nibley Area",38,River Heights,River Heights
50470,470,4.4,20.7,4.70,9.0,0.0,0.1,8.9,9.8,0.0,0.0,0.0,0.0,2.8,0.0,6.0,0.1,0.0,0.0,0.6,0.2,0,0,0,0,61832,0,0,0,2,5,CACHE,5,South of Logan - Wellsville Area,12,"Providence, Millville, Nibley Area",38,River Heights,River Heights
50471,471,24.1,76.7,3.19,34.4,3.2,4.0,27.2,39.3,2.0,1.2,3.4,0.7,3.3,3.4,2.8,17.7,2.3,0.0,1.3,1.3,0,0,0,0,91957,0,0,0,2,5,CACHE,5,South of Logan - Wellsville Area,12,"Providence, Millville, Nibley Area",38,River Heights,River Heights
50472,472,228.3,444.1,1.95,66.1,0.0,0.0,66.1,80.4,0.0,0.0,0.0,0.0,5.6,0.0,49.8,10.6,0.0,0.0,1.9,12.4,0,0,0,0,61832,0,0,0,2,5,CACHE,5,South of Logan - Wellsville Area,12,"Providence, Millville, Nibley Area",38,River Heights,River Heights
50473,473,14.8,46.2,3.12,708.2,107.7,45.5,555.0,714.7,35.0,72.8,37.9,7.7,37.3,55.8,341.7,120.1,0.0,0.0,5.7,0.8,0,0,0,0,61832,0,0,0,2,5,CACHE,5,South of Logan - Wellsville Area,12,"Providence, Millville, Nibley Area",38,River Heights,River Heights
50474,474,36.1,128.9,3.57,9.1,1.0,0.1,8.0,11.8,1.0,0.0,0.0,0.0,2.9,0.0,5.0,0.1,0.0,0.0,0.6,2.0,0,0,0,0,61832,0,0,0,2,5,CACHE,5,South of Logan - Wellsville Area,12,"Providence, Millville, Nibley Area",38,River Heights,River Heights
50475,475,0.0,0.0,0.00,1450.1,253.4,133.4,1063.2,1459.6,135.2,118.3,107.3,26.1,322.8,285.4,231.1,223.9,0.0,0.0,9.5,0.0,0,0,0,0,61832,0,0,0,2,5,CACHE,5,South of Logan - Wellsville Area,12,"Providence, Millville, Nibley Area",40,Providence,Providence
50476,476,158.3,359.0,2.27,54.7,0.0,0.8,53.9,70.9,0.0,0.0,0.8,0.0,0.0,52.5,1.4,0.0,0.0,0.0,7.6,8.6,0,0,0,0,61832,0,0,0,2,5,CACHE,5,South of Logan - Wellsville Area,12,"Providence, Millville, Nibley Area",40,Providence,Providence
50477,477,203.9,541.6,2.66,204.1,12.2,40.1,151.7,226.5,8.3,3.9,28.9,11.2,11.8,11.0,80.0,49.0,0.0,0.0,11.4,11.0,0,0,0,0,61832,0,0,0,2,5,CACHE,5,South of Logan - Wellsville Area,12,"Providence, Millville, Nibley Area",40,Providence,Providence
50478,478,208.7,519.7,2.49,70.8,0.2,0.9,69.7,92.2,0.1,0.1,0.2,0.8,0.2,0.2,69.1,0.2,0.0,0.0,10.1,11.3,0,0,0,0,61832,0,0,0,2,5,CACHE,5,South of Logan - Wellsville Area,12,"Providence, Millville, Nibley Area",40,Providence,Providence
50479,479,43.5,113.3,2.61,2.4,0.2,1.2,0.9,7.9,0.1,0.1,1.2,0.0,0.2,0.2,0.2,0.3,0.0,0.0,3.2,2.4,0,0,0,0,61832,0,0,0,2,5,CACHE,5,South of Logan - Wellsville Area,12,"Providence, Millville, Nibley Area",40,Providence,Providence
50480,480,170.9,622.1,3.64,15.7,0.1,0.1,15.5,34.4,0.1,0.0,0.1,0.0,1.8,0.1,0.1,13.4,0.0,0.0,9.5,9.2,0,0,0,0,61832,0,0,0,2,5,CACHE,5,South of Logan - Wellsville Area,12,"Providence, Millville, Nibley Area",40,Providence,Providence
50481,481,39.7,129.7,3.27,2.6,0.2,0.2,2.2,7.9,0.1,0.1,0.2,0.0,0.2,0.2,1.5,0.3,0.0,0.0,3.2,2.1,0,0,0,0,61832,0,0,0,2,5,CACHE,5,South of Logan - Wellsville Area,12,"Providence, Millville, Nibley Area",40,Providence,Providence
50482,482,58.6,179.1,3.05,0.0,0.0,0.0,0.0,11.4,0.0,0.0,0.0,0.0,0.0,0.0,0.0,0.0,0.0,0.0,8.2,3.2,0,0,0,0,91957,0,0,0,2,5,CACHE,5,South of Logan - Wellsville Area,12,"Providence, Millville, Nibley Area",40,Providence,Providence
50483,483,65.8,208.6,3.17,0.0,0.0,0.0,0.0,16.3,0.0,0.0,0.0,0.0,0.0,0.0,0.0,0.0,0.0,0.0,12.7,3.6,0,0,0,0,91957,0,0,0,2,5,CACHE,5,South of Logan - Wellsville Area,12,"Providence, Millville, Nibley Area",40,Providence,Providence
50484,484,0.0,0.0,0.00,660.5,393.3,19.1,248.1,663.6,285.8,107.5,16.0,3.1,15.8,16.3,71.2,144.8,0.0,0.0,3.2,0.0,0,0,0,0,58178,0,0,0,2,5,CACHE,5,South of Logan - Wellsville Area,12,"Providence, Millville, Nibley Area",40,Providence,Providence
50485,485,99.5,193.9,1.95,531.0,34.8,41.6,454.7,553.5,22.3,12.5,34.6,7.0,33.9,341.5,28.3,51.0,0.0,0.0,17.1,5.4,0,0,0,0,58178,0,795,0,2,5,CACHE,5,South of Logan - Wellsville Area,12,"Providence, Millville, Nibley Area",40,Providence,Providence
50486,486,19.1,67.4,3.53,209.1,51.6,26.6,131.0,215.2,43.6,8.0,22.2,4.4,22.0,22.7,27.3,59.1,0.0,0.0,5.1,1.0,0,0,0,0,58178,0,0,0,2,5,CACHE,5,South of Logan - Wellsville Area,12,"Providence, Millville, Nibley Area",40,Providence,Providence
50487,487,97.0,348.0,3.59,7.6,0.1,0.1,7.5,21.1,0.0,0.0,0.1,0.0,0.1,7.3,0.1,0.1,0.0,0.0,8.2,5.2,0,0,0,0,58178,0,0,0,2,5,CACHE,5,South of Logan - Wellsville Area,12,"Providence, Millville, Nibley Area",40,Providence,Providence
50488,488,170.0,452.4,2.66,376.4,8.5,0.0,367.9,398.9,1.5,7.0,0.0,0.0,27.9,219.8,14.6,105.6,0.0,0.0,13.3,9.2,0,0,0,0,58178,724,0,0,2,5,CACHE,5,South of Logan - Wellsville Area,12,"Providence, Millville, Nibley Area",40,Providence,Providence
50489,489,150.3,388.2,2.58,20.9,1.0,2.2,17.7,43.5,0.6,0.4,2.0,0.2,1.0,1.0,0.8,14.9,0.0,0.0,14.6,8.1,0,0,0,0,58178,0,0,0,2,5,CACHE,5,South of Logan - Wellsville Area,12,"Providence, Millville, Nibley Area",40,Providence,Providence
50490,490,4.5,7.5,1.67,98.3,8.8,11.1,78.4,99.8,5.5,3.3,9.3,1.9,9.2,9.5,7.7,52.1,0.0,0.0,1.3,0.2,0,0,0,0,83645,0,0,0,2,5,CACHE,5,South of Logan - Wellsville Area,12,"Providence, Millville, Nibley Area",40,Providence,Providence
50491,491,51.8,214.6,4.14,10.7,1.2,1.5,8.0,19.2,0.7,0.5,1.3,0.3,1.3,1.3,1.1,4.3,0.0,0.0,5.7,2.8,0,0,0,0,78099,0,0,0,2,5,CACHE,5,South of Logan - Wellsville Area,12,"Providence, Millville, Nibley Area",40,Providence,Providence
50492,492,126.8,474.6,3.74,21.5,1.2,0.0,20.3,34.8,1.2,0.0,0.0,0.0,0.0,0.0,1.5,18.9,0.0,0.0,6.3,6.9,0,0,0,0,78099,0,0,0,2,5,CACHE,5,South of Logan - Wellsville Area,12,"Providence, Millville, Nibley Area",40,Providence,Providence
50493,493,76.7,233.3,3.04,5.9,0.1,0.1,5.7,19.6,0.1,0.0,0.1,0.0,2.9,0.1,2.5,0.1,0.0,0.0,9.5,4.2,0,0,0,0,97637,0,0,0,2,5,CACHE,5,South of Logan - Wellsville Area,12,"Providence, Millville, Nibley Area",40,Providence,Providence
50494,494,73.0,186.7,2.56,18.1,0.0,18.1,0.0,32.1,0.0,0.0,18.1,0.0,0.0,0.0,0.0,0.0,0.0,0.0,10.1,3.9,0,0,0,0,97637,0,0,0,2,5,CACHE,5,South of Logan - Wellsville Area,12,"Providence, Millville, Nibley Area",40,Providence,Providence
50495,495,79.3,211.8,2.67,9.6,0.0,6.1,3.5,17.7,0.0,0.0,0.0,6.1,1.8,0.0,1.6,0.0,0.0,0.0,3.8,4.3,0,0,0,0,97637,0,0,0,2,5,CACHE,5,South of Logan - Wellsville Area,12,"Providence, Millville, Nibley Area",40,Providence,Providence
50496,496,118.1,433.3,3.67,53.8,13.8,1.0,39.0,70.4,13.8,0.0,0.0,1.0,3.5,0.0,0.0,35.6,0.0,0.0,10.1,6.4,0,0,0,0,78099,0,0,0,2,5,CACHE,5,South of Logan - Wellsville Area,12,"Providence, Millville, Nibley Area",40,Providence,Providence
50497,497,144.4,441.5,3.06,4.8,0.2,2.1,2.5,26.5,0.1,0.1,0.2,2.0,1.9,0.2,0.1,0.2,0.0,0.0,13.9,7.8,0,0,0,0,78099,0,0,0,2,5,CACHE,5,South of Logan - Wellsville Area,12,"Providence, Millville, Nibley Area",40,Providence,Providence
50498,498,332.2,1045.2,3.15,18.1,6.7,5.2,6.3,61.5,1.3,5.4,0.1,5.1,1.9,0.1,1.6,2.8,0.0,0.0,25.3,18.0,0,0,0,0,97637,0,0,0,2,5,CACHE,5,South of Logan - Wellsville Area,12,"Providence, Millville, Nibley Area",40,Providence,Providence
50499,499,781.3,2319.5,2.97,55.7,0.4,0.5,54.9,196.5,0.2,0.1,0.4,0.1,18.6,0.4,0.3,35.6,2.3,0.0,96.2,42.3,0,0,0,0,86329,0,0,0,2,5,CACHE,5,South of Logan - Wellsville Area,12,"Providence, Millville, Nibley Area",40,Providence,Providence
50500,500,77.5,238.9,3.08,2.8,1.5,0.3,1.0,13.9,1.4,0.1,0.2,0.0,0.2,0.2,0.2,0.3,0.0,0.0,7.0,4.2,0,0,0,0,78099,0,0,0,2,5,CACHE,5,South of Logan - Wellsville Area,12,"Providence, Millville, Nibley Area",40,Providence,Providence
50501,501,193.4,661.4,3.42,15.7,0.1,0.1,15.5,40.8,0.1,0.0,0.1,0.0,1.8,0.1,0.1,13.4,0.0,0.0,14.6,10.5,0,0,0,0,97637,0,0,0,2,5,CACHE,5,South of Logan - Wellsville Area,12,"Providence, Millville, Nibley Area",40,Providence,Providence
50502,502,59.9,136.0,2.27,0.0,0.0,0.0,0.0,32.3,0.0,0.0,0.0,0.0,0.0,0.0,0.0,0.0,0.0,0.0,29.1,3.2,0,0,0,0,72849,0,0,0,2,5,CACHE,5,South of Logan - Wellsville Area,12,"Providence, Millville, Nibley Area",40,Providence,Providence
50503,503,158.5,625.1,3.94,18.3,1.0,2.1,15.2,40.8,0.6,0.4,1.0,1.1,2.6,1.0,5.1,6.3,0.0,0.0,13.9,8.6,0,0,0,0,93286,0,0,0,2,5,CACHE,5,South of Logan - Wellsville Area,12,"Providence, Millville, Nibley Area",40,Providence,Providence
50504,504,133.3,510.7,3.83,0.0,0.0,0.0,0.0,28.1,0.0,0.0,0.0,0.0,0.0,0.0,0.0,0.0,0.0,0.0,20.9,7.2,0,0,0,0,75059,0,0,0,2,5,CACHE,5,South of Logan - Wellsville Area,12,"Providence, Millville, Nibley Area",40,Providence,Providence
50505,505,68.0,189.3,2.78,394.1,99.7,125.8,168.6,420.6,90.4,9.3,80.9,44.9,25.3,32.5,21.2,89.5,0.0,0.0,22.8,3.7,0,0,0,0,83645,0,0,0,2,5,CACHE,5,South of Logan - Wellsville Area,12,"Providence, Millville, Nibley Area",42,Millville,Millville
50506,506,2.2,2.7,1.20,0.0,0.0,0.0,0.0,0.1,0.0,0.0,0.0,0.0,0.0,0.0,0.0,0.0,0.0,0.0,0.0,0.1,0,0,0,0,83645,0,0,0,2,5,CACHE,5,South of Logan - Wellsville Area,12,"Providence, Millville, Nibley Area",42,Millville,Millville
50507,507,0.0,0.0,0.00,8.5,1.2,1.6,5.7,8.5,0.7,0.5,1.3,0.3,1.4,1.4,1.1,1.8,0.0,0.0,0.0,0.0,0,0,0,0,83645,0,0,0,2,5,CACHE,5,South of Logan - Wellsville Area,12,"Providence, Millville, Nibley Area",42,Millville,Millville
50508,508,23.5,94.9,4.04,0.0,0.0,0.0,0.0,3.2,0.0,0.0,0.0,0.0,0.0,0.0,0.0,0.0,0.0,0.0,1.9,1.3,0,0,0,0,78099,0,0,0,2,5,CACHE,5,South of Logan - Wellsville Area,12,"Providence, Millville, Nibley Area",42,Millville,Millville
50509,509,0.0,0.0,0.00,0.0,0.0,0.0,0.0,0.0,0.0,0.0,0.0,0.0,0.0,0.0,0.0,0.0,0.0,0.0,0.0,0.0,0,0,0,0,78099,0,0,0,2,5,CACHE,5,South of Logan - Wellsville Area,12,"Providence, Millville, Nibley Area",42,Millville,Millville
50510,510,15.8,43.4,2.74,37.3,11.2,4.8,21.3,40.1,9.7,1.5,4.0,0.8,5.7,4.1,3.4,8.1,0.0,0.0,1.9,0.9,0,0,0,0,78099,0,0,1638,2,5,CACHE,5,South of Logan - Wellsville Area,12,"Providence, Millville, Nibley Area",42,Millville,Millville
50511,511,116.7,438.7,3.76,10.0,0.0,2.6,7.4,19.4,0.0,0.0,0.0,2.6,4.7,0.0,2.7,0.0,0.0,0.0,3.2,6.3,0,0,0,0,78099,0,0,0,2,5,CACHE,5,South of Logan - Wellsville Area,12,"Providence, Millville, Nibley Area",42,Millville,Millville
50512,512,37.4,151.4,4.05,27.2,0.0,0.0,27.2,32.3,0.0,0.0,0.0,0.0,0.0,0.0,0.0,27.2,0.0,0.0,3.2,2.0,0,0,0,0,78099,0,0,0,2,5,CACHE,5,South of Logan - Wellsville Area,12,"Providence, Millville, Nibley Area",42,Millville,Millville
50513,513,55.3,138.7,2.51,3.4,0.2,2.4,0.9,9.0,0.1,0.1,0.2,2.2,0.2,0.2,0.2,0.3,0.0,0.0,2.5,3.0,0,0,0,0,78099,0,0,0,2,5,CACHE,5,South of Logan - Wellsville Area,12,"Providence, Millville, Nibley Area",42,Millville,Millville
50514,514,61.6,215.2,3.49,6.0,0.1,0.1,5.8,11.2,0.1,0.0,0.1,0.0,0.1,0.1,0.1,5.5,0.0,0.0,1.9,3.3,0,0,0,0,78099,0,0,0,2,5,CACHE,5,South of Logan - Wellsville Area,12,"Providence, Millville, Nibley Area",42,Millville,Millville
50515,515,112.3,380.1,3.39,2.6,0.2,0.2,2.2,10.6,0.1,0.1,0.2,0.0,1.7,0.2,0.1,0.2,0.0,0.0,1.9,6.1,0,0,0,0,73439,0,0,0,2,5,CACHE,5,South of Logan - Wellsville Area,12,"Providence, Millville, Nibley Area",42,Millville,Millville
50516,516,48.1,158.8,3.30,0.0,0.0,0.0,0.0,5.1,0.0,0.0,0.0,0.0,0.0,0.0,0.0,0.0,0.0,0.0,2.5,2.6,0,0,0,0,72849,0,0,0,2,5,CACHE,5,South of Logan - Wellsville Area,12,"Providence, Millville, Nibley Area",42,Millville,Millville
50517,517,47.4,154.6,3.26,203.0,0.0,0.0,203.0,208.2,0.0,0.0,0.0,0.0,0.0,203.0,0.0,0.0,0.0,0.0,2.5,2.6,0,0,0,0,77556,466,0,0,2,5,CACHE,5,South of Logan - Wellsville Area,12,"Providence, Millville, Nibley Area",42,Millville,Millville
50518,518,52.9,159.7,3.02,0.0,0.0,0.0,0.0,5.4,0.0,0.0,0.0,0.0,0.0,0.0,0.0,0.0,0.0,0.0,2.5,2.9,0,0,0,0,74729,0,0,0,2,5,CACHE,5,South of Logan - Wellsville Area,12,"Providence, Millville, Nibley Area",42,Millville,Millville
50519,519,39.0,88.4,2.26,0.0,0.0,0.0,0.0,4.6,0.0,0.0,0.0,0.0,0.0,0.0,0.0,0.0,0.0,0.0,2.5,2.1,0,0,0,0,72849,0,0,0,2,5,CACHE,5,South of Logan - Wellsville Area,12,"Providence, Millville, Nibley Area",42,Millville,Millville
50520,520,22.7,104.3,4.59,2.6,0.2,0.2,2.2,5.7,0.1,0.1,0.2,0.0,1.7,0.2,0.1,0.2,0.0,0.0,1.9,1.2,0,0,0,0,72849,0,0,0,2,5,CACHE,5,South of Logan - Wellsville Area,12,"Providence, Millville, Nibley Area",42,Millville,Millville
50521,521,29.2,98.0,3.36,0.0,0.0,0.0,0.0,3.5,0.0,0.0,0.0,0.0,0.0,0.0,0.0,0.0,0.0,0.0,1.9,1.6,0,0,0,0,72849,0,0,0,2,5,CACHE,5,South of Logan - Wellsville Area,12,"Providence, Millville, Nibley Area",42,Millville,Millville
50522,522,52.9,171.1,3.23,0.0,0.0,0.0,0.0,9.9,0.0,0.0,0.0,0.0,0.0,0.0,0.0,0.0,0.0,0.0,7.0,2.9,0,0,0,0,72849,0,0,0,2,5,CACHE,5,South of Logan - Wellsville Area,12,"Providence, Millville, Nibley Area",42,Millville,Millville
50523,523,13.0,42.4,3.26,0.0,0.0,0.0,0.0,2.6,0.0,0.0,0.0,0.0,0.0,0.0,0.0,0.0,0.0,0.0,1.9,0.7,0,0,0,0,97637,0,0,0,2,5,CACHE,5,South of Logan - Wellsville Area,12,"Providence, Millville, Nibley Area",42,Millville,Millville
50524,524,1.5,4.2,2.79,0.0,0.0,0.0,0.0,0.1,0.0,0.0,0.0,0.0,0.0,0.0,0.0,0.0,0.0,0.0,0.0,0.1,0,0,0,0,54740,0,0,0,2,5,CACHE,5,South of Logan - Wellsville Area,12,"Providence, Millville, Nibley Area",42,Millville,Millville
50525,525,45.1,115.8,2.57,123.1,4.6,72.9,45.5,128.6,2.9,1.7,72.0,1.0,13.2,5.0,5.2,22.1,0.0,0.0,3.2,2.4,0,0,0,0,72849,0,0,0,2,5,CACHE,5,South of Logan - Wellsville Area,12,"Providence, Millville, Nibley Area",42,Millville,Millville
50526,526,38.2,143.1,3.74,0.0,0.0,0.0,0.0,4.6,0.0,0.0,0.0,0.0,0.0,0.0,0.0,0.0,0.0,0.0,2.5,2.1,0,0,0,0,72849,0,0,0,2,5,CACHE,5,South of Logan - Wellsville Area,12,"Providence, Millville, Nibley Area",42,Millville,Millville
50527,527,20.0,53.2,2.66,30.1,0.5,0.6,29.1,33.1,0.3,0.2,0.5,0.1,0.5,27.5,0.4,0.7,0.0,0.0,1.9,1.1,0,0,0,0,72849,0,0,0,2,5,CACHE,5,South of Logan - Wellsville Area,12,"Providence, Millville, Nibley Area",42,Millville,Millville
50528,528,14.4,58.2,4.04,0.0,0.0,0.0,0.0,1.4,0.0,0.0,0.0,0.0,0.0,0.0,0.0,0.0,0.0,0.0,0.6,0.8,0,0,0,0,72849,0,0,0,2,5,CACHE,5,South of Logan - Wellsville Area,12,"Providence, Millville, Nibley Area",42,Millville,Millville
50529,529,38.3,105.0,2.74,0.0,0.0,0.0,0.0,5.3,0.0,0.0,0.0,0.0,0.0,0.0,0.0,0.0,0.0,0.0,3.2,2.1,0,0,0,0,80861,0,0,0,2,5,CACHE,2,West Cache County,6,Mendon Area,37,Mendon,Mendon
50530,530,28.5,98.0,3.43,0.0,0.0,0.0,0.0,4.0,0.0,0.0,0.0,0.0,0.0,0.0,0.0,0.0,0.0,0.0,2.5,1.5,0,0,0,0,80861,0,0,0,2,5,CACHE,2,West Cache County,6,Mendon Area,37,Mendon,Mendon
50531,531,17.3,45.2,2.62,0.0,0.0,0.0,0.0,7.8,0.0,0.0,0.0,0.0,0.0,0.0,0.0,0.0,5.7,0.0,1.3,0.9,0,0,0,0,80861,0,0,0,2,5,CACHE,2,West Cache County,6,Mendon Area,37,Mendon,Mendon
50532,532,46.4,132.1,2.85,0.0,0.0,0.0,0.0,6.3,0.0,0.0,0.0,0.0,0.0,0.0,0.0,0.0,0.0,0.0,3.8,2.5,0,0,0,0,80861,0,0,0,2,5,CACHE,2,West Cache County,6,Mendon Area,37,Mendon,Mendon
50533,533,98.9,318.9,3.23,15.0,0.1,1.0,13.9,28.5,0.0,0.0,0.1,1.0,1.8,0.1,1.5,10.6,0.0,0.0,8.2,5.3,0,0,0,0,80861,0,0,0,2,5,CACHE,2,West Cache County,6,Mendon Area,37,Mendon,Mendon
50534,534,75.3,243.9,3.24,39.2,2.4,0.0,36.8,49.6,2.4,0.0,0.0,0.0,3.4,0.0,1.4,32.0,0.0,0.0,6.3,4.1,0,0,0,0,80861,0,0,0,2,5,CACHE,2,West Cache County,6,Mendon Area,37,Mendon,Mendon
50535,535,0.0,0.0,0.00,0.0,0.0,0.0,0.0,5.7,0.0,0.0,0.0,0.0,0.0,0.0,0.0,0.0,5.7,0.0,0.0,0.0,0,0,0,0,80861,0,0,0,2,5,CACHE,2,West Cache County,6,Mendon Area,37,Mendon,Mendon
50536,536,19.8,61.5,3.11,0.0,0.0,0.0,0.0,8.7,0.0,0.0,0.0,0.0,0.0,0.0,0.0,0.0,5.7,0.0,1.9,1.1,0,0,0,0,80861,0,0,0,2,5,CACHE,2,West Cache County,6,Mendon Area,37,Mendon,Mendon
50537,537,12.6,45.2,3.60,0.0,0.0,0.0,0.0,2.0,0.0,0.0,0.0,0.0,0.0,0.0,0.0,0.0,0.0,0.0,1.3,0.7,0,0,0,0,80861,0,0,0,2,5,CACHE,2,West Cache County,6,Mendon Area,37,Mendon,Mendon
50538,538,0.0,0.0,0.00,0.0,0.0,0.0,0.0,0.0,0.0,0.0,0.0,0.0,0.0,0.0,0.0,0.0,0.0,0.0,0.0,0.0,0,0,0,0,80861,0,0,0,2,5,CACHE,2,West Cache County,6,Mendon Area,37,Mendon,Mendon
50539,539,0.0,0.0,0.00,0.0,0.0,0.0,0.0,0.0,0.0,0.0,0.0,0.0,0.0,0.0,0.0,0.0,0.0,0.0,0.0,0.0,0,0,0,0,80861,0,0,0,2,5,CACHE,2,West Cache County,6,Mendon Area,37,Mendon,Mendon
50540,540,90.4,246.6,2.73,8.6,0.9,1.1,6.6,21.1,0.6,0.3,0.9,0.2,0.9,1.0,0.8,3.9,0.0,0.0,7.6,4.9,0,0,0,0,80861,0,0,0,2,5,CACHE,2,West Cache County,6,Mendon Area,37,Mendon,Mendon
50541,541,51.2,138.5,2.71,25.4,3.7,5.2,16.5,32.6,2.8,1.0,2.6,2.5,2.6,2.7,2.2,9.0,0.0,0.0,4.4,2.8,0,0,0,0,80861,0,0,0,2,5,CACHE,2,West Cache County,6,Mendon Area,37,Mendon,Mendon
50542,542,38.3,75.1,1.96,53.6,2.4,3.0,48.2,58.8,1.5,0.9,2.5,0.5,19.2,23.6,2.0,3.4,0.0,0.0,3.2,2.1,0,0,0,0,80861,0,0,0,2,5,CACHE,2,West Cache County,6,Mendon Area,37,Mendon,Mendon
50543,543,5.7,30.4,5.32,0.0,0.0,0.0,0.0,0.9,0.0,0.0,0.0,0.0,0.0,0.0,0.0,0.0,0.0,0.0,0.6,0.3,0,0,0,0,80861,429,0,0,2,5,CACHE,2,West Cache County,6,Mendon Area,37,Mendon,Mendon
50544,544,10.2,31.8,3.11,0.0,0.0,0.0,0.0,6.9,0.0,0.0,0.0,0.0,0.0,0.0,0.0,0.0,5.7,0.0,0.6,0.6,0,0,0,0,80861,0,0,0,2,5,CACHE,2,West Cache County,6,Mendon Area,37,Mendon,Mendon
50545,545,39.8,166.5,4.19,2.7,0.0,0.0,2.7,8.1,0.0,0.0,0.0,0.0,0.0,0.0,0.0,2.7,0.0,0.0,3.2,2.2,0,0,0,0,80861,0,0,0,2,5,CACHE,2,West Cache County,6,Mendon Area,37,Mendon,Mendon
50546,546,45.5,128.6,2.82,11.9,0.0,1.0,10.9,18.2,0.0,0.0,1.0,0.0,0.0,0.0,0.0,10.9,0.0,0.0,3.8,2.5,0,0,0,0,80861,0,0,0,2,5,CACHE,2,West Cache County,6,Mendon Area,37,Mendon,Mendon
50547,547,95.2,306.9,3.22,8.8,0.7,0.9,7.1,23.8,0.4,0.3,0.7,0.1,0.7,0.8,4.6,1.0,2.3,0.0,7.6,5.2,0,0,0,0,80861,0,0,0,2,5,CACHE,2,West Cache County,6,Mendon Area,37,Mendon,Mendon
50548,548,352.3,1073.5,3.05,425.0,108.2,69.8,246.9,463.7,103.2,5.0,36.2,33.6,71.2,145.0,12.1,18.7,0.0,0.0,19.6,19.1,0,0,0,0,83645,480,136,0,2,5,CACHE,5,South of Logan - Wellsville Area,12,"Providence, Millville, Nibley Area",43,Nibley,Nibley
50549,549,300.6,1142.5,3.80,53.9,7.7,9.1,37.2,84.2,5.2,2.5,6.8,2.3,10.2,7.0,5.6,14.5,0.0,0.0,13.9,16.3,0,0,0,0,83645,0,0,0,2,5,CACHE,5,South of Logan - Wellsville Area,12,"Providence, Millville, Nibley Area",43,Nibley,Nibley
50550,550,131.9,500.6,3.79,0.0,0.0,0.0,0.0,10.9,0.0,0.0,0.0,0.0,0.0,0.0,0.0,0.0,0.0,0.0,3.8,7.1,0,0,0,0,83645,443,0,0,2,5,CACHE,5,South of Logan - Wellsville Area,12,"Providence, Millville, Nibley Area",43,Nibley,Nibley
50551,551,9.6,30.6,3.18,0.0,0.0,0.0,0.0,1.1,0.0,0.0,0.0,0.0,0.0,0.0,0.0,0.0,0.0,0.0,0.6,0.5,0,0,0,0,83645,0,0,0,2,5,CACHE,5,South of Logan - Wellsville Area,12,"Providence, Millville, Nibley Area",43,Nibley,Nibley
50552,552,45.0,150.7,3.35,0.0,0.0,0.0,0.0,4.3,0.0,0.0,0.0,0.0,0.0,0.0,0.0,0.0,0.0,0.0,1.9,2.4,0,0,0,0,83645,0,0,0,2,5,CACHE,5,South of Logan - Wellsville Area,12,"Providence, Millville, Nibley Area",43,Nibley,Nibley
50553,553,74.5,118.2,1.59,376.1,58.9,52.6,264.7,389.0,43.8,15.0,44.1,8.5,82.0,42.8,33.9,106.1,0.0,0.0,8.9,4.0,0,0,0,0,83645,0,0,0,2,5,CACHE,5,South of Logan - Wellsville Area,12,"Providence, Millville, Nibley Area",43,Nibley,Nibley
50554,554,129.9,413.3,3.18,0.0,0.0,0.0,0.0,27.9,0.0,0.0,0.0,0.0,0.0,0.0,0.0,0.0,0.0,0.0,20.9,7.0,0,0,0,0,83645,0,0,0,2,5,CACHE,5,South of Logan - Wellsville Area,12,"Providence, Millville, Nibley Area",43,Nibley,Nibley
50555,555,237.4,802.6,3.38,453.7,382.7,41.6,29.4,471.0,381.2,1.5,40.8,0.9,15.8,4.3,3.6,5.7,0.0,0.0,4.4,12.8,0,0,0,0,83645,0,0,0,2,5,CACHE,5,South of Logan - Wellsville Area,12,"Providence, Millville, Nibley Area",43,Nibley,Nibley
50556,556,543.9,1954.2,3.59,67.7,15.3,14.2,38.2,127.5,14.6,0.7,2.0,12.1,2.0,2.1,18.3,15.8,0.0,0.0,30.4,29.4,0,0,0,0,83645,704,0,0,2,5,CACHE,5,South of Logan - Wellsville Area,12,"Providence, Millville, Nibley Area",43,Nibley,Nibley
50557,557,102.5,287.8,2.81,385.4,6.8,186.2,192.4,397.8,4.3,2.5,184.0,2.2,7.5,157.5,5.7,21.7,0.0,0.0,7.0,5.5,0,0,0,0,83645,0,0,0,2,5,CACHE,5,South of Logan - Wellsville Area,12,"Providence, Millville, Nibley Area",43,Nibley,Nibley
50558,558,211.8,679.9,3.21,283.6,17.9,113.2,152.5,310.3,11.5,6.4,108.7,4.5,17.3,96.4,14.5,24.3,0.0,0.0,15.2,11.5,0,0,0,0,83645,0,0,0,2,5,CACHE,5,South of Logan - Wellsville Area,12,"Providence, Millville, Nibley Area",43,Nibley,Nibley
50559,559,114.4,357.4,3.12,0.0,0.0,0.0,0.0,20.8,0.0,0.0,0.0,0.0,0.0,0.0,0.0,0.0,0.0,0.0,14.6,6.2,0,0,0,0,83645,0,0,0,2,5,CACHE,5,South of Logan - Wellsville Area,12,"Providence, Millville, Nibley Area",43,Nibley,Nibley
50560,560,110.4,370.8,3.36,153.7,79.1,31.3,43.3,174.9,78.4,0.7,30.9,0.4,2.1,2.1,26.2,12.9,0.0,0.0,15.2,6.0,0,0,0,0,83645,0,0,0,2,5,CACHE,5,South of Logan - Wellsville Area,12,"Providence, Millville, Nibley Area",43,Nibley,Nibley
50561,561,23.6,75.9,3.21,23.1,2.3,2.9,18.0,25.7,1.4,0.9,2.4,0.4,2.4,2.4,2.1,11.0,0.0,0.0,1.3,1.3,0,0,0,0,83645,0,0,0,2,5,CACHE,5,South of Logan - Wellsville Area,12,"Providence, Millville, Nibley Area",42,Nibley,Nibley
50562,562,15.9,58.4,3.68,30.8,23.2,1.7,5.9,32.3,22.7,0.5,1.4,0.3,1.4,1.4,1.2,1.9,0.0,0.0,0.6,0.9,0,0,0,0,87584,0,0,0,2,5,CACHE,5,South of Logan - Wellsville Area,12,"Providence, Millville, Nibley Area",43,Nibley,Nibley
50563,563,185.8,554.0,2.98,50.7,3.5,26.3,21.0,77.3,2.1,1.3,25.6,0.7,3.8,3.8,3.3,10.1,0.0,0.0,16.5,10.1,0,0,0,0,87584,0,0,0,2,5,CACHE,5,South of Logan - Wellsville Area,12,"Providence, Millville, Nibley Area",43,Nibley,Nibley
50564,564,149.2,508.5,3.41,0.0,0.0,0.0,0.0,14.4,0.0,0.0,0.0,0.0,0.0,0.0,0.0,0.0,0.0,0.0,6.3,8.1,0,0,0,0,87584,0,0,0,2,5,CACHE,5,South of Logan - Wellsville Area,12,"Providence, Millville, Nibley Area",43,Nibley,Nibley
50565,565,184.8,818.4,4.43,16.1,12.0,0.3,3.8,37.5,11.9,0.1,0.2,0.1,0.2,0.3,0.2,3.1,0.0,0.0,11.4,10.0,0,0,0,0,87584,0,0,0,2,5,CACHE,5,South of Logan - Wellsville Area,12,"Providence, Millville, Nibley Area",43,Nibley,Nibley
50566,566,118.7,374.5,3.16,0.0,0.0,0.0,0.0,15.9,0.0,0.0,0.0,0.0,0.0,0.0,0.0,0.0,0.0,0.0,9.5,6.4,0,0,0,0,87584,0,0,0,2,5,CACHE,5,South of Logan - Wellsville Area,12,"Providence, Millville, Nibley Area",43,Nibley,Nibley
50567,567,133.1,465.8,3.50,10.0,2.2,2.1,5.7,24.8,0.0,2.2,0.0,2.1,0.0,0.0,0.0,5.6,0.0,0.0,7.6,7.2,0,0,0,0,87584,0,0,0,2,5,CACHE,5,South of Logan - Wellsville Area,12,"Providence, Millville, Nibley Area",43,Nibley,Nibley
50568,568,103.5,319.0,3.08,17.0,2.4,3.9,10.7,29.0,2.4,0.0,1.9,2.0,1.7,3.4,3.0,2.6,0.0,0.0,6.3,5.6,0,0,0,0,87584,0,0,0,2,5,CACHE,5,South of Logan - Wellsville Area,12,"Providence, Millville, Nibley Area",43,Nibley,Nibley
50569,569,137.0,397.7,2.90,10.4,0.0,10.4,0.0,25.4,0.0,0.0,0.0,10.4,0.0,0.0,0.0,0.0,0.0,0.0,7.6,7.4,0,0,0,0,87584,0,0,0,2,5,CACHE,5,South of Logan - Wellsville Area,12,"Providence, Millville, Nibley Area",43,Nibley,Nibley
50570,570,129.6,416.8,3.22,0.0,0.0,0.0,0.0,11.4,0.0,0.0,0.0,0.0,0.0,0.0,0.0,0.0,0.0,0.0,4.4,7.0,0,0,0,0,87584,0,0,0,2,5,CACHE,5,South of Logan - Wellsville Area,12,"Providence, Millville, Nibley Area",43,Nibley,Nibley
50571,571,70.2,223.5,3.18,6.9,0.2,5.8,0.9,16.4,0.1,0.1,0.2,5.6,0.2,0.2,0.2,0.3,0.0,0.0,5.7,3.8,0,0,0,0,87584,0,0,0,2,5,CACHE,5,South of Logan - Wellsville Area,12,"Providence, Millville, Nibley Area",43,Nibley,Nibley
50572,572,110.0,371.4,3.38,4.8,0.3,0.4,4.0,17.1,0.2,0.1,0.3,0.1,0.3,0.4,2.9,0.5,0.0,0.0,6.3,6.0,0,0,0,0,87584,0,0,0,2,5,CACHE,5,South of Logan - Wellsville Area,12,"Providence, Millville, Nibley Area",43,Nibley,Nibley
50573,573,99.7,419.7,4.21,9.4,0.8,0.9,7.7,21.7,0.5,0.3,0.8,0.2,0.8,2.5,0.6,3.8,0.0,0.0,7.0,5.4,0,0,0,0,87584,0,0,0,2,5,CACHE,5,South of Logan - Wellsville Area,12,"Providence, Millville, Nibley Area",43,Nibley,Nibley
50574,574,0.0,0.0,0.00,0.0,0.0,0.0,0.0,0.0,0.0,0.0,0.0,0.0,0.0,0.0,0.0,0.0,0.0,0.0,0.0,0.0,0,0,0,0,87584,0,0,0,2,5,CACHE,5,South of Logan - Wellsville Area,12,"Providence, Millville, Nibley Area",43,Nibley,Nibley
50575,575,71.3,180.1,2.53,0.0,0.0,0.0,0.0,10.9,0.0,0.0,0.0,0.0,0.0,0.0,0.0,0.0,0.0,0.0,7.0,3.9,0,0,0,0,87584,0,0,0,2,5,CACHE,5,South of Logan - Wellsville Area,12,"Providence, Millville, Nibley Area",43,Nibley,Nibley
50576,576,107.0,429.9,4.02,64.9,63.3,0.0,1.6,82.7,4.9,58.5,0.0,0.0,1.6,0.0,0.0,0.0,0.0,0.0,12.0,5.8,0,0,0,0,78725,0,0,0,2,5,CACHE,5,South of Logan - Wellsville Area,12,"Providence, Millville, Nibley Area",43,Nibley,Nibley
50577,577,53.0,178.0,3.36,20.2,0.5,4.2,15.4,26.3,0.3,0.2,4.1,0.1,0.5,0.6,8.8,5.6,0.0,0.0,3.2,2.9,0,0,0,0,72849,0,0,0,2,5,CACHE,5,South of Logan - Wellsville Area,12,"Providence, Millville, Nibley Area",43,Nibley,Nibley
50578,578,61.3,205.9,3.36,0.0,0.0,0.0,0.0,9.6,0.0,0.0,0.0,0.0,0.0,0.0,0.0,0.0,0.0,0.0,6.3,3.3,0,0,0,0,72849,0,0,0,2,5,CACHE,5,South of Logan - Wellsville Area,12,"Providence, Millville, Nibley Area",43,Nibley,Nibley
50579,579,35.6,114.5,3.22,0.0,0.0,0.0,0.0,7.0,0.0,0.0,0.0,0.0,0.0,0.0,0.0,0.0,0.0,0.0,5.1,1.9,0,0,0,0,68723,0,0,0,2,5,CACHE,5,South of Logan - Wellsville Area,12,"Providence, Millville, Nibley Area",43,Nibley,Nibley
50580,580,75.3,315.3,4.18,0.0,0.0,0.0,0.0,13.7,0.0,0.0,0.0,0.0,0.0,0.0,0.0,0.0,4.5,0.0,5.1,4.1,0,0,0,0,47188,0,0,0,2,5,CACHE,5,South of Logan - Wellsville Area,13,Hyrum Area,49,Hyrum,Hyrum
50581,581,192.7,508.8,2.64,163.5,31.4,37.3,94.8,203.0,8.8,22.6,12.9,24.4,53.5,13.2,10.5,17.6,5.7,0.0,23.4,10.4,0,0,0,0,47188,0,0,0,2,5,CACHE,5,South of Logan - Wellsville Area,13,Hyrum Area,49,Hyrum,Hyrum
50582,582,27.9,99.0,3.54,1791.6,27.7,1466.7,297.2,1800.7,17.3,10.4,1424.3,42.4,38.9,29.6,23.7,205.1,0.0,0.0,7.6,1.5,0,0,0,0,47188,0,0,0,2,5,CACHE,5,South of Logan - Wellsville Area,13,Hyrum Area,49,Hyrum,Hyrum
50583,583,22.1,80.7,3.64,0.0,0.0,0.0,0.0,15.9,0.0,0.0,0.0,0.0,0.0,0.0,0.0,0.0,4.5,0.0,10.1,1.2,0,0,0,0,68723,0,0,0,2,5,CACHE,5,South of Logan - Wellsville Area,13,Hyrum Area,49,Hyrum,Hyrum
50584,584,54.9,163.6,2.98,0.0,0.0,0.0,0.0,17.7,0.0,0.0,0.0,0.0,0.0,0.0,0.0,0.0,4.5,0.0,10.1,3.0,0,0,0,0,68723,0,0,0,2,5,CACHE,5,South of Logan - Wellsville Area,13,Hyrum Area,49,Hyrum,Hyrum
50585,585,3.7,14.6,3.98,0.0,0.0,0.0,0.0,7.0,0.0,0.0,0.0,0.0,0.0,0.0,0.0,0.0,6.8,0.0,0.0,0.2,0,0,0,0,47188,0,0,0,2,5,CACHE,5,South of Logan - Wellsville Area,13,Hyrum Area,49,Hyrum,Hyrum
50586,586,6.2,7.5,1.20,0.0,0.0,0.0,0.0,8.4,0.0,0.0,0.0,0.0,0.0,0.0,0.0,0.0,6.8,0.0,1.3,0.3,0,0,0,0,76557,0,0,0,2,5,CACHE,5,South of Logan - Wellsville Area,13,Hyrum Area,49,Hyrum,Hyrum
50587,587,126.7,500.7,3.95,10.9,0.5,3.3,7.1,22.3,0.3,0.2,3.2,0.1,5.3,0.6,0.4,0.7,0.0,0.0,4.4,6.9,0,0,0,0,47188,0,0,0,2,5,CACHE,5,South of Logan - Wellsville Area,13,Hyrum Area,49,Hyrum,Hyrum
50588,588,143.9,403.8,2.81,203.8,25.7,45.9,132.1,222.3,16.0,9.7,33.7,12.2,30.0,27.6,22.2,52.4,0.0,0.0,10.8,7.8,0,0,0,0,76557,0,0,0,2,5,CACHE,5,South of Logan - Wellsville Area,13,Hyrum Area,49,Hyrum,Hyrum
50589,589,89.4,328.0,3.67,33.5,7.0,5.9,20.6,52.2,5.2,1.8,4.9,1.0,4.9,5.0,4.1,6.6,0.0,0.0,13.9,4.8,0,0,0,0,47188,0,0,0,2,5,CACHE,5,South of Logan - Wellsville Area,13,Hyrum Area,49,Hyrum,Hyrum
50590,590,141.2,335.9,2.38,352.8,19.3,83.0,250.5,370.5,13.3,6.1,72.9,10.1,33.4,140.2,49.8,27.1,0.0,0.0,10.1,7.6,0,0,0,0,51623,0,0,0,2,5,CACHE,5,South of Logan - Wellsville Area,13,Hyrum Area,49,Hyrum,Hyrum
50591,591,97.9,291.9,2.98,27.2,3.6,4.6,19.0,66.1,2.2,1.4,3.8,0.8,3.8,3.9,6.1,5.2,4.5,0.0,29.1,5.3,0,0,0,0,68723,0,0,0,2,5,CACHE,5,South of Logan - Wellsville Area,13,Hyrum Area,49,Hyrum,Hyrum
50592,592,65.6,189.1,2.88,0.0,0.0,0.0,0.0,7.4,0.0,0.0,0.0,0.0,0.0,0.0,0.0,0.0,0.0,0.0,3.8,3.6,0,0,0,0,68723,0,0,0,2,5,CACHE,5,South of Logan - Wellsville Area,13,Hyrum Area,49,Hyrum,Hyrum
50593,593,208.1,552.8,2.66,21.8,3.6,3.1,15.1,45.1,2.7,0.9,2.6,0.5,2.5,2.6,6.4,3.5,0.0,0.0,12.0,11.3,0,0,0,0,68723,0,0,0,2,5,CACHE,5,South of Logan - Wellsville Area,13,Hyrum Area,49,Hyrum,Hyrum
50594,594,9.0,28.5,3.15,238.7,28.5,39.5,170.7,244.3,16.0,12.5,34.2,5.4,25.9,27.2,26.0,91.6,0.0,0.0,5.1,0.5,0,0,0,0,68723,0,0,0,2,5,CACHE,5,South of Logan - Wellsville Area,13,Hyrum Area,49,Hyrum,Hyrum
50595,595,10.0,32.3,3.22,0.0,0.0,0.0,0.0,5.7,0.0,0.0,0.0,0.0,0.0,0.0,0.0,0.0,4.5,0.0,0.6,0.5,0,0,0,0,68723,0,0,0,2,5,CACHE,5,South of Logan - Wellsville Area,13,Hyrum Area,49,Hyrum,Hyrum
50596,596,11.0,53.8,4.89,0.0,0.0,0.0,0.0,1.2,0.0,0.0,0.0,0.0,0.0,0.0,0.0,0.0,0.0,0.0,0.6,0.6,0,0,0,0,72849,0,0,0,2,5,CACHE,5,South of Logan - Wellsville Area,13,Hyrum Area,49,Hyrum,Hyrum
50597,597,407.2,1317.2,3.23,273.1,0.0,0.0,273.1,339.3,0.0,0.0,0.0,0.0,2.8,262.6,0.7,7.1,6.8,0.0,37.3,22.0,0,0,0,0,76557,0,1029,0,2,5,CACHE,5,South of Logan - Wellsville Area,13,Hyrum Area,49,Hyrum,Hyrum
50598,598,172.6,480.8,2.79,119.3,1.7,2.1,115.5,138.7,1.1,0.6,1.8,0.4,1.7,1.8,1.4,110.5,0.0,0.0,10.1,9.3,0,0,0,0,76557,0,0,0,2,5,CACHE,5,South of Logan - Wellsville Area,13,Hyrum Area,49,Hyrum,Hyrum
50599,599,151.2,438.6,2.90,194.9,0.0,0.0,194.9,208.8,0.0,0.0,0.0,0.0,0.0,193.1,0.0,1.8,0.0,0.0,5.7,8.2,0,0,0,0,51623,470,0,0,2,5,CACHE,5,South of Logan - Wellsville Area,13,Hyrum Area,49,Hyrum,Hyrum
50600,600,153.3,517.6,3.38,44.4,5.3,10.5,28.7,66.0,3.3,2.0,5.5,5.0,5.4,5.6,7.5,10.1,0.0,0.0,13.3,8.3,0,0,0,0,52095,0,0,0,2,5,CACHE,5,South of Logan - Wellsville Area,13,Hyrum Area,49,Hyrum,Hyrum
50601,601,206.1,452.4,2.20,275.8,131.0,23.0,121.8,296.5,99.2,31.8,13.5,9.5,13.2,13.9,50.4,44.3,0.0,0.0,9.5,11.2,0,0,0,0,52095,0,0,0,2,5,CACHE,5,South of Logan - Wellsville Area,13,Hyrum Area,49,Hyrum,Hyrum
50602,602,368.1,1372.8,3.73,592.7,108.5,0.6,483.6,617.6,31.3,77.3,0.6,0.0,1.6,457.8,4.6,19.7,0.0,0.0,5.1,19.9,0,0,0,0,69913,705,0,1453,2,5,CACHE,5,South of Logan - Wellsville Area,13,Hyrum Area,49,Hyrum,Hyrum
50603,603,30.2,156.7,5.19,0.0,0.0,0.0,0.0,6.7,0.0,0.0,0.0,0.0,0.0,0.0,0.0,0.0,0.0,0.0,5.1,1.6,0,0,0,0,76557,0,0,0,2,5,CACHE,5,South of Logan - Wellsville Area,13,Hyrum Area,49,Hyrum,Hyrum
50604,604,97.5,249.1,2.55,10.9,0.0,0.0,10.9,30.7,0.0,0.0,0.0,0.0,0.0,10.9,0.0,0.0,0.0,0.0,14.6,5.3,0,0,0,0,82903,0,0,0,2,5,CACHE,5,South of Logan - Wellsville Area,13,Hyrum Area,49,Hyrum,Hyrum
50605,605,95.5,230.4,2.41,9.6,0.7,0.8,8.1,18.6,0.4,0.2,0.7,0.1,0.7,0.7,0.6,6.2,0.0,0.0,3.8,5.2,0,0,0,0,51623,0,0,0,2,5,CACHE,5,South of Logan - Wellsville Area,13,Hyrum Area,49,Hyrum,Hyrum
50606,606,24.4,59.1,2.42,1.4,0.0,0.0,1.4,5.2,0.0,0.0,0.0,0.0,1.4,0.0,0.0,0.0,0.0,0.0,2.5,1.3,0,0,0,0,82903,0,0,0,2,5,CACHE,5,South of Logan - Wellsville Area,13,Hyrum Area,49,Hyrum,Hyrum
50607,607,493.5,1574.4,3.19,40.6,0.3,21.4,18.9,112.2,0.2,0.1,21.3,0.1,1.9,0.3,0.2,16.4,0.0,0.0,44.9,26.7,0,0,0,0,52095,0,0,0,2,5,CACHE,5,South of Logan - Wellsville Area,13,Hyrum Area,49,Hyrum,Hyrum
50608,608,617.5,1803.0,2.92,46.5,3.5,5.5,37.5,165.9,3.3,0.2,0.4,5.1,23.1,0.4,13.3,0.6,5.7,0.0,80.4,33.4,0,0,0,0,69913,0,0,0,2,5,CACHE,5,South of Logan - Wellsville Area,13,Hyrum Area,49,Hyrum,Hyrum
50609,609,27.7,100.8,3.64,430.4,58.0,109.0,263.4,462.9,35.8,22.2,96.8,12.1,61.2,62.7,51.2,88.3,5.7,0.0,25.3,1.5,0,0,0,0,69913,0,0,0,2,5,CACHE,5,South of Logan - Wellsville Area,13,Hyrum Area,49,Hyrum,Hyrum
50610,610,21.8,54.9,2.52,13.6,0.0,0.0,13.6,14.8,0.0,0.0,0.0,0.0,0.0,0.0,0.0,13.6,0.0,0.0,0.0,1.2,0,0,0,0,72849,0,0,0,2,5,CACHE,5,South of Logan - Wellsville Area,13,Hyrum Area,49,Hyrum,Hyrum
50611,611,8.8,35.5,4.05,0.0,0.0,0.0,0.0,1.1,0.0,0.0,0.0,0.0,0.0,0.0,0.0,0.0,0.0,0.0,0.6,0.5,0,0,0,0,87743,0,0,0,2,5,CACHE,5,South of Logan - Wellsville Area,14,Wellsville Area,47,Wellsville,Wellsville
50612,612,63.4,257.6,4.06,14.9,1.3,1.6,11.9,19.5,0.8,0.5,1.4,0.3,7.6,1.4,1.1,1.8,0.0,0.0,1.3,3.4,0,0,0,0,87743,0,0,0,2,5,CACHE,5,South of Logan - Wellsville Area,14,Wellsville Area,47,Wellsville,Wellsville
50613,613,0.0,0.0,0.00,0.0,0.0,0.0,0.0,0.0,0.0,0.0,0.0,0.0,0.0,0.0,0.0,0.0,0.0,0.0,0.0,0.0,0,0,0,0,87743,0,0,0,2,5,CACHE,5,South of Logan - Wellsville Area,14,Wellsville Area,47,Wellsville,Wellsville
50614,614,86.0,279.4,3.25,4.5,0.5,1.6,2.3,12.3,0.3,0.2,0.5,1.1,0.5,0.6,0.5,0.7,0.0,0.0,3.2,4.7,0,0,0,0,87743,0,0,0,2,5,CACHE,5,South of Logan - Wellsville Area,14,Wellsville Area,47,Wellsville,Wellsville
50615,615,105.2,282.1,2.68,3.4,0.3,0.3,2.8,11.6,0.2,0.1,0.3,0.1,1.8,0.3,0.2,0.4,0.0,0.0,2.5,5.7,0,0,0,0,87743,0,0,0,2,5,CACHE,5,South of Logan - Wellsville Area,14,Wellsville Area,47,Wellsville,Wellsville
50616,616,69.0,258.2,3.74,0.0,0.0,0.0,0.0,8.8,0.0,0.0,0.0,0.0,0.0,0.0,0.0,0.0,0.0,0.0,5.1,3.7,0,0,0,0,84225,0,0,0,2,5,CACHE,5,South of Logan - Wellsville Area,14,Wellsville Area,47,Wellsville,Wellsville
50617,617,125.4,309.9,2.47,90.4,3.5,12.4,74.6,101.7,2.2,1.3,3.6,8.8,3.5,53.1,10.6,7.3,0.0,0.0,4.4,6.8,0,0,0,0,84225,0,0,0,2,5,CACHE,5,South of Logan - Wellsville Area,14,Wellsville Area,47,Wellsville,Wellsville
50618,618,113.9,302.9,2.66,19.7,0.1,0.1,19.4,35.4,0.1,0.0,0.1,0.0,0.1,0.1,0.1,19.1,0.0,0.0,9.5,6.2,0,0,0,0,84225,0,0,0,2,5,CACHE,5,South of Logan - Wellsville Area,14,Wellsville Area,47,Wellsville,Wellsville
50619,619,175.4,774.3,4.41,60.2,2.9,0.6,56.7,103.5,2.7,0.2,0.5,0.1,0.5,0.5,0.4,55.2,3.4,0.0,30.4,9.5,0,0,0,0,84225,0,0,0,2,5,CACHE,5,South of Logan - Wellsville Area,14,Wellsville Area,47,Wellsville,Wellsville
50620,620,3.4,9.3,2.76,166.8,7.5,9.3,150.0,174.7,4.7,2.8,7.7,1.6,7.5,7.9,6.3,128.3,4.5,0.0,3.2,0.2,0,0,0,0,87584,0,0,0,2,5,CACHE,5,South of Logan - Wellsville Area,14,Wellsville Area,47,Wellsville,Wellsville
50621,621,1.0,3.6,3.56,0.0,0.0,0.0,0.0,4.6,0.0,0.0,0.0,0.0,0.0,0.0,0.0,0.0,4.5,0.0,0.0,0.1,0,0,0,0,47188,0,0,0,2,5,CACHE,5,South of Logan - Wellsville Area,14,Wellsville Area,47,Wellsville,Wellsville
50622,622,29.3,60.2,2.05,143.1,0.0,129.8,13.4,151.2,0.0,0.0,0.0,129.8,0.0,13.4,0.0,0.0,4.5,0.0,1.9,1.6,0,0,0,0,47188,0,0,0,2,5,CACHE,5,South of Logan - Wellsville Area,14,Wellsville Area,47,Wellsville,Wellsville
50623,623,31.5,82.6,2.63,0.0,0.0,0.0,0.0,7.5,0.0,0.0,0.0,0.0,0.0,0.0,0.0,0.0,4.5,0.0,1.3,1.7,0,0,0,0,79175,0,0,0,2,5,CACHE,5,South of Logan - Wellsville Area,14,Wellsville Area,47,Wellsville,Wellsville
50624,624,57.6,127.4,2.21,156.4,9.7,0.0,146.7,161.4,0.0,9.7,0.0,0.0,0.0,146.7,0.0,0.0,0.0,0.0,1.9,3.1,0,0,0,0,84225,0,0,0,2,5,CACHE,5,South of Logan - Wellsville Area,14,Wellsville Area,47,Wellsville,Wellsville
50625,625,72.0,178.9,2.49,68.0,30.2,6.7,31.1,75.7,14.5,15.7,5.5,1.1,5.4,5.7,4.5,15.5,0.0,0.0,3.8,3.9,0,0,0,0,84225,0,0,0,2,5,CACHE,5,South of Logan - Wellsville Area,14,Wellsville Area,47,Wellsville,Wellsville
50626,626,39.7,98.5,2.48,2.7,0.0,0.0,2.7,13.7,0.0,0.0,0.0,0.0,0.0,0.0,0.0,2.7,0.0,0.0,8.9,2.1,0,0,0,0,84225,0,0,0,2,5,CACHE,5,South of Logan - Wellsville Area,14,Wellsville Area,47,Wellsville,Wellsville
50627,627,29.8,73.4,2.47,0.0,0.0,0.0,0.0,7.3,0.0,0.0,0.0,0.0,0.0,0.0,0.0,0.0,0.0,0.0,5.7,1.6,0,0,0,0,84225,0,0,0,2,5,CACHE,5,South of Logan - Wellsville Area,14,Wellsville Area,47,Wellsville,Wellsville
50628,628,0.0,0.0,0.00,0.0,0.0,0.0,0.0,0.0,0.0,0.0,0.0,0.0,0.0,0.0,0.0,0.0,0.0,0.0,0.0,0.0,0,0,0,0,87743,0,0,0,2,5,CACHE,5,South of Logan - Wellsville Area,14,Wellsville Area,47,Wellsville,Wellsville
50629,629,0.0,0.0,0.00,0.0,0.0,0.0,0.0,0.0,0.0,0.0,0.0,0.0,0.0,0.0,0.0,0.0,0.0,0.0,0.0,0.0,0,0,0,0,87743,0,0,0,2,5,CACHE,5,South of Logan - Wellsville Area,14,Wellsville Area,47,Wellsville,Wellsville
50630,630,145.2,348.7,2.40,27.2,0.0,0.0,27.2,41.4,0.0,0.0,0.0,0.0,0.0,0.0,0.0,27.2,0.0,0.0,6.3,7.9,0,0,0,0,87743,0,0,0,2,5,CACHE,5,South of Logan - Wellsville Area,14,Wellsville Area,47,Wellsville,Wellsville
50631,631,168.6,499.3,2.96,6.3,0.0,0.0,6.2,25.5,0.0,0.0,0.0,0.0,1.4,0.0,4.8,0.0,0.0,0.0,10.1,9.1,0,0,0,0,87743,0,0,0,2,5,CACHE,5,South of Logan - Wellsville Area,14,Wellsville Area,47,Wellsville,Wellsville
50632,632,106.6,262.2,2.46,0.0,0.0,0.0,0.0,15.9,0.0,0.0,0.0,0.0,0.0,0.0,0.0,0.0,0.0,0.0,10.1,5.8,0,0,0,0,84225,0,0,0,2,5,CACHE,5,South of Logan - Wellsville Area,14,Wellsville Area,47,Wellsville,Wellsville
50633,633,59.7,160.4,2.68,5.5,0.0,0.0,5.5,12.5,0.0,0.0,0.0,0.0,3.1,0.0,0.0,2.3,0.0,0.0,3.8,3.2,0,0,0,0,84225,0,0,0,2,5,CACHE,5,South of Logan - Wellsville Area,14,Wellsville Area,47,Wellsville,Wellsville
50634,634,18.6,84.2,4.53,2.0,0.0,2.0,0.0,10.7,0.0,0.0,2.0,0.0,0.0,0.0,0.0,0.0,4.5,0.0,3.2,1.0,0,0,0,0,84225,0,0,0,2,5,CACHE,5,South of Logan - Wellsville Area,14,Wellsville Area,47,Wellsville,Wellsville
50635,635,18.7,66.5,3.56,13.2,0.3,11.6,1.3,20.0,0.2,0.1,0.3,11.3,0.3,0.3,0.3,0.4,4.5,0.0,1.3,1.0,0,0,0,0,84225,0,0,0,2,5,CACHE,5,South of Logan - Wellsville Area,14,Wellsville Area,47,Wellsville,Wellsville
50636,636,0.0,0.0,0.00,0.0,0.0,0.0,0.0,0.0,0.0,0.0,0.0,0.0,0.0,0.0,0.0,0.0,0.0,0.0,0.0,0.0,0,0,0,0,87743,0,0,0,2,5,CACHE,5,South of Logan - Wellsville Area,14,Wellsville Area,47,Wellsville,Wellsville
50637,637,36.3,108.2,2.98,0.0,0.0,0.0,0.0,9.0,0.0,0.0,0.0,0.0,0.0,0.0,0.0,0.0,0.0,0.0,7.0,2.0,0,0,0,0,87743,0,0,0,2,5,CACHE,5,South of Logan - Wellsville Area,14,Wellsville Area,47,Wellsville,Wellsville
50638,638,73.7,239.8,3.25,17.7,2.1,3.5,12.1,28.6,1.3,0.8,2.2,1.4,2.2,2.2,4.7,2.9,0.0,0.0,7.0,4.0,0,0,0,0,87743,0,0,0,2,5,CACHE,5,South of Logan - Wellsville Area,14,Wellsville Area,47,Wellsville,Wellsville
50639,639,52.9,132.8,2.51,0.0,0.0,0.0,0.0,6.7,0.0,0.0,0.0,0.0,0.0,0.0,0.0,0.0,0.0,0.0,3.8,2.9,0,0,0,0,84225,0,0,0,2,5,CACHE,5,South of Logan - Wellsville Area,14,Wellsville Area,47,Wellsville,Wellsville
50640,640,83.7,294.8,3.52,136.1,16.1,20.3,99.7,145.7,9.9,6.1,17.0,3.4,18.5,25.7,14.1,41.4,0.0,0.0,5.1,4.5,0,0,0,0,84225,0,0,0,2,5,CACHE,5,South of Logan - Wellsville Area,14,Wellsville Area,47,Wellsville,Wellsville
50641,641,38.5,106.9,2.77,9.6,2.4,1.6,5.6,20.0,2.0,0.5,1.3,0.3,1.3,1.3,1.1,1.8,4.5,0.0,3.8,2.1,0,0,0,0,84225,0,0,0,2,5,CACHE,5,South of Logan - Wellsville Area,14,Wellsville Area,47,Wellsville,Wellsville
50642,642,28.0,98.2,3.51,6.2,0.0,2.8,3.4,14.1,0.0,0.0,0.0,2.8,3.4,0.0,0.0,0.0,4.5,0.0,1.9,1.5,0,0,0,0,84225,0,0,0,2,5,CACHE,5,South of Logan - Wellsville Area,14,Wellsville Area,47,Wellsville,Wellsville
50643,643,1.0,2.8,2.78,11.1,0.7,0.9,9.6,17.5,0.4,0.3,0.7,0.1,0.7,0.7,4.8,3.4,0.0,0.0,6.3,0.1,0,0,0,0,87743,0,0,0,2,5,CACHE,5,South of Logan - Wellsville Area,14,Wellsville Area,47,Wellsville,Wellsville
50644,644,113.8,331.6,2.91,0.0,0.0,0.0,0.0,34.1,0.0,0.0,0.0,0.0,0.0,0.0,0.0,0.0,0.0,0.0,27.9,6.2,0,0,0,0,87743,0,0,0,2,5,CACHE,5,South of Logan - Wellsville Area,14,Wellsville Area,47,Wellsville,Wellsville
50645,645,1.0,2.8,2.78,0.0,0.0,0.0,0.0,6.4,0.0,0.0,0.0,0.0,0.0,0.0,0.0,0.0,0.0,0.0,6.3,0.1,0,0,0,0,84225,0,0,0,2,5,CACHE,5,South of Logan - Wellsville Area,14,Wellsville Area,47,Wellsville,Wellsville
50646,646,12.1,30.6,2.52,0.0,0.0,0.0,0.0,1.3,0.0,0.0,0.0,0.0,0.0,0.0,0.0,0.0,0.0,0.0,0.6,0.7,0,0,0,0,82903,0,0,0,2,5,CACHE,6,South Cache County,16,Paradise Area,54,Paradise,Paradise
50647,647,17.7,49.7,2.81,4.0,0.2,0.2,3.5,6.2,0.1,0.1,0.2,0.0,0.2,0.2,0.2,3.0,0.0,0.0,1.3,1.0,0,0,0,0,82903,0,0,0,2,5,CACHE,6,South Cache County,16,Paradise Area,54,Paradise,Paradise
50648,648,30.9,123.4,4.00,0.0,0.0,0.0,0.0,6.1,0.0,0.0,0.0,0.0,0.0,0.0,0.0,0.0,0.0,0.0,4.4,1.7,0,0,0,0,82903,0,0,0,2,5,CACHE,6,South Cache County,16,Paradise Area,54,Paradise,Paradise
50649,649,67.8,205.3,3.03,10.6,0.5,3.5,6.7,20.0,0.3,0.2,0.6,2.9,0.5,0.6,4.8,0.7,0.0,0.0,5.7,3.7,0,0,0,0,70607,0,0,0,2,5,CACHE,6,South Cache County,16,Paradise Area,54,Paradise,Paradise
50650,650,67.5,193.3,2.86,11.1,0.6,2.7,7.8,20.5,0.4,0.2,0.6,2.1,2.4,4.1,0.5,0.8,0.0,0.0,5.7,3.7,0,0,0,0,70607,0,0,0,2,5,CACHE,6,South Cache County,16,Paradise Area,54,Paradise,Paradise
50651,651,66.5,226.2,3.40,3.9,0.1,0.2,3.6,15.7,0.1,0.1,0.2,0.0,3.1,0.2,0.1,0.2,0.0,0.0,8.2,3.6,0,0,0,0,70607,0,0,0,2,5,CACHE,6,South Cache County,16,Paradise Area,54,Paradise,Paradise
50652,652,29.0,63.0,2.17,0.0,0.0,0.0,0.0,4.1,0.0,0.0,0.0,0.0,0.0,0.0,0.0,0.0,0.0,0.0,2.5,1.6,0,0,0,0,70607,0,0,0,2,5,CACHE,6,South Cache County,16,Paradise Area,54,Paradise,Paradise
50653,653,67.7,185.0,2.73,2.7,0.0,0.0,2.7,11.5,0.0,0.0,0.0,0.0,2.7,0.0,0.0,0.0,0.0,0.0,5.1,3.7,0,0,0,0,70607,0,0,0,2,5,CACHE,6,South Cache County,16,Paradise Area,54,Paradise,Paradise
50654,654,56.6,152.8,2.70,15.7,0.7,0.8,14.2,24.5,0.4,0.3,0.7,0.1,7.1,0.7,0.6,5.8,0.0,0.0,5.7,3.1,0,0,0,0,70607,0,0,0,2,5,CACHE,6,South Cache County,16,Paradise Area,54,Paradise,Paradise
50655,655,35.9,113.4,3.16,6.8,0.0,0.0,6.8,12.5,0.0,0.0,0.0,0.0,1.7,0.0,0.0,5.1,0.0,0.0,3.8,1.9,0,0,0,0,70607,0,0,0,2,5,CACHE,6,South Cache County,16,Paradise Area,54,Paradise,Paradise
50656,656,25.2,41.3,1.64,0.0,0.0,0.0,0.0,4.6,0.0,0.0,0.0,0.0,0.0,0.0,0.0,0.0,0.0,0.0,3.2,1.4,0,0,0,0,70607,0,0,0,2,5,CACHE,6,South Cache County,16,Paradise Area,54,Paradise,Paradise
50657,657,0.0,0.0,0.00,0.0,0.0,0.0,0.0,0.0,0.0,0.0,0.0,0.0,0.0,0.0,0.0,0.0,0.0,0.0,0.0,0.0,0,0,0,0,56674,0,0,0,2,5,CACHE,1,North Cache County,1,Clarkston Area,6,Balance of Cache County,Balance of Cache County
50658,658,0.0,0.0,0.00,0.0,0.0,0.0,0.0,9.1,0.0,0.0,0.0,0.0,0.0,0.0,0.0,0.0,9.1,0.0,0.0,0.0,0,0,0,0,56674,0,0,0,2,5,CACHE,1,North Cache County,1,Clarkston Area,6,Balance of Cache County,Balance of Cache County
50659,659,0.0,0.0,0.00,0.0,0.0,0.0,0.0,9.1,0.0,0.0,0.0,0.0,0.0,0.0,0.0,0.0,9.1,0.0,0.0,0.0,0,0,0,0,56674,0,0,0,2,5,CACHE,1,North Cache County,1,Clarkston Area,6,Balance of Cache County,Balance of Cache County
50660,660,0.0,0.0,0.00,0.0,0.0,0.0,0.0,0.0,0.0,0.0,0.0,0.0,0.0,0.0,0.0,0.0,0.0,0.0,0.0,0.0,0,0,0,0,56674,0,0,0,2,5,CACHE,1,North Cache County,1,Clarkston Area,6,Balance of Cache County,Balance of Cache County
50661,661,0.0,0.0,0.00,0.0,0.0,0.0,0.0,9.1,0.0,0.0,0.0,0.0,0.0,0.0,0.0,0.0,9.1,0.0,0.0,0.0,0,0,0,0,56674,0,0,0,2,5,CACHE,1,North Cache County,1,Clarkston Area,6,Balance of Cache County,Balance of Cache County
50662,662,0.0,0.0,0.00,0.0,0.0,0.0,0.0,9.1,0.0,0.0,0.0,0.0,0.0,0.0,0.0,0.0,9.1,0.0,0.0,0.0,0,0,0,0,54740,0,0,0,2,5,CACHE,1,North Cache County,1,Clarkston Area,6,Balance of Cache County,Balance of Cache County
50663,663,0.0,0.0,0.00,0.0,0.0,0.0,0.0,9.1,0.0,0.0,0.0,0.0,0.0,0.0,0.0,0.0,9.1,0.0,0.0,0.0,0,0,0,0,56674,0,0,0,2,5,CACHE,1,North Cache County,1,Clarkston Area,6,Balance of Cache County,Balance of Cache County
50664,664,0.0,0.0,0.00,35.8,35.8,0.0,0.0,41.5,35.8,0.0,0.0,0.0,0.0,0.0,0.0,0.0,5.7,0.0,0.0,0.0,0,0,0,0,56674,0,0,0,2,5,CACHE,1,North Cache County,1,Clarkston Area,6,Balance of Cache County,Balance of Cache County
50665,665,4.0,10.6,2.67,0.0,0.0,0.0,0.0,5.9,0.0,0.0,0.0,0.0,0.0,0.0,0.0,0.0,5.7,0.0,0.0,0.2,0,0,0,0,56674,0,0,0,2,5,CACHE,1,North Cache County,1,Clarkston Area,6,Balance of Cache County,Balance of Cache County
50666,666,0.0,0.0,0.00,0.0,0.0,0.0,0.0,0.0,0.0,0.0,0.0,0.0,0.0,0.0,0.0,0.0,0.0,0.0,0.0,0.0,0,0,0,0,56674,0,0,0,2,5,CACHE,1,North Cache County,1,Clarkston Area,6,Balance of Cache County,Balance of Cache County
50667,667,9.1,16.6,1.83,21.7,0.0,0.0,21.7,28.5,0.0,0.0,0.0,0.0,0.0,0.0,0.0,21.7,5.7,0.0,0.6,0.5,0,0,0,0,56674,0,0,0,2,5,CACHE,1,North Cache County,1,Clarkston Area,6,Balance of Cache County,Balance of Cache County
50668,668,0.0,0.0,0.00,0.0,0.0,0.0,0.0,5.7,0.0,0.0,0.0,0.0,0.0,0.0,0.0,0.0,5.7,0.0,0.0,0.0,0,0,0,0,54740,0,0,0,2,5,CACHE,1,North Cache County,1,Clarkston Area,6,Balance of Cache County,Balance of Cache County
50669,669,0.0,0.0,0.00,0.0,0.0,0.0,0.0,5.7,0.0,0.0,0.0,0.0,0.0,0.0,0.0,0.0,5.7,0.0,0.0,0.0,0,0,0,0,54740,0,0,0,2,5,CACHE,1,North Cache County,1,Clarkston Area,6,Balance of Cache County,Balance of Cache County
50670,670,5.3,21.9,4.16,0.0,0.0,0.0,0.0,10.0,0.0,0.0,0.0,0.0,0.0,0.0,0.0,0.0,9.1,0.0,0.6,0.3,0,0,0,0,54740,0,0,0,2,5,CACHE,1,North Cache County,1,Clarkston Area,6,Balance of Cache County,Balance of Cache County
50671,671,9.8,11.8,1.20,0.0,0.0,0.0,0.0,7.4,0.0,0.0,0.0,0.0,0.0,0.0,0.0,0.0,5.7,0.0,1.3,0.5,0,0,0,0,54740,0,0,0,2,5,CACHE,1,North Cache County,1,Clarkston Area,6,Balance of Cache County,Balance of Cache County
50672,672,11.2,13.5,1.20,0.0,0.0,0.0,0.0,1.9,0.0,0.0,0.0,0.0,0.0,0.0,0.0,0.0,0.0,0.0,1.3,0.6,0,0,0,0,56674,0,0,0,2,5,CACHE,1,North Cache County,1,Clarkston Area,6,Balance of Cache County,Balance of Cache County
50673,673,0.0,0.0,0.00,0.0,0.0,0.0,0.0,0.0,0.0,0.0,0.0,0.0,0.0,0.0,0.0,0.0,0.0,0.0,0.0,0.0,0,0,0,0,56674,0,0,0,2,5,CACHE,1,North Cache County,1,Clarkston Area,6,Balance of Cache County,Balance of Cache County
50674,674,2.0,2.4,1.20,0.0,0.0,0.0,0.0,0.1,0.0,0.0,0.0,0.0,0.0,0.0,0.0,0.0,0.0,0.0,0.0,0.1,0,0,0,0,56674,0,0,0,2,5,CACHE,1,North Cache County,1,Clarkston Area,6,Balance of Cache County,Balance of Cache County
50675,675,0.0,0.0,0.00,0.0,0.0,0.0,0.0,0.0,0.0,0.0,0.0,0.0,0.0,0.0,0.0,0.0,0.0,0.0,0.0,0.0,0,0,0,0,56674,0,0,0,2,5,CACHE,1,North Cache County,1,Clarkston Area,6,Balance of Cache County,Balance of Cache County
50676,676,0.0,0.0,0.00,0.0,0.0,0.0,0.0,5.7,0.0,0.0,0.0,0.0,0.0,0.0,0.0,0.0,5.7,0.0,0.0,0.0,0,0,0,0,56674,0,0,0,2,5,CACHE,1,North Cache County,1,Clarkston Area,6,Balance of Cache County,Balance of Cache County
50677,677,1.7,8.2,4.66,0.0,0.0,0.0,0.0,0.1,0.0,0.0,0.0,0.0,0.0,0.0,0.0,0.0,0.0,0.0,0.0,0.1,0,0,0,0,56674,0,0,0,2,5,CACHE,1,North Cache County,1,Clarkston Area,6,Balance of Cache County,Balance of Cache County
50678,678,0.0,0.0,0.00,0.0,0.0,0.0,0.0,0.0,0.0,0.0,0.0,0.0,0.0,0.0,0.0,0.0,0.0,0.0,0.0,0.0,0,0,0,0,56674,0,0,0,2,5,CACHE,1,North Cache County,1,Clarkston Area,6,Balance of Cache County,Balance of Cache County
50679,679,1.8,4.8,2.67,0.0,0.0,0.0,0.0,2.4,0.0,0.0,0.0,0.0,0.0,0.0,0.0,0.0,2.3,0.0,0.0,0.1,0,0,0,0,56674,0,0,0,2,5,CACHE,1,North Cache County,1,Clarkston Area,6,Balance of Cache County,Balance of Cache County
50680,680,1.5,4.1,2.79,0.0,0.0,0.0,0.0,9.2,0.0,0.0,0.0,0.0,0.0,0.0,0.0,0.0,9.1,0.0,0.0,0.1,0,0,0,0,56674,0,0,0,2,5,CACHE,1,North Cache County,1,Clarkston Area,6,Balance of Cache County,Balance of Cache County
50681,681,0.0,0.0,0.00,0.0,0.0,0.0,0.0,0.0,0.0,0.0,0.0,0.0,0.0,0.0,0.0,0.0,0.0,0.0,0.0,0.0,0,0,0,0,56674,0,0,0,2,5,CACHE,1,North Cache County,1,Clarkston Area,6,Balance of Cache County,Balance of Cache County
50682,682,0.0,0.0,0.00,0.0,0.0,0.0,0.0,5.7,0.0,0.0,0.0,0.0,0.0,0.0,0.0,0.0,5.7,0.0,0.0,0.0,0,0,0,0,56674,0,0,0,2,5,CACHE,1,North Cache County,1,Clarkston Area,6,Balance of Cache County,Balance of Cache County
50683,683,5.7,15.3,2.67,0.0,0.0,0.0,0.0,4.3,0.0,0.0,0.0,0.0,0.0,0.0,0.0,0.0,3.4,0.0,0.6,0.3,0,0,0,0,56674,0,0,0,2,5,CACHE,1,North Cache County,1,Clarkston Area,6,Balance of Cache County,Balance of Cache County
50684,684,2.8,4.7,1.67,0.0,0.0,0.0,0.0,0.8,0.0,0.0,0.0,0.0,0.0,0.0,0.0,0.0,0.0,0.0,0.6,0.2,0,0,0,0,56674,0,0,0,2,5,CACHE,1,North Cache County,1,Clarkston Area,6,Balance of Cache County,Balance of Cache County
50685,685,0.0,0.0,0.00,0.0,0.0,0.0,0.0,9.1,0.0,0.0,0.0,0.0,0.0,0.0,0.0,0.0,9.1,0.0,0.0,0.0,0,0,0,0,56674,0,0,0,2,5,CACHE,1,North Cache County,1,Clarkston Area,6,Balance of Cache County,Balance of Cache County
50686,686,0.0,0.0,0.00,0.0,0.0,0.0,0.0,9.1,0.0,0.0,0.0,0.0,0.0,0.0,0.0,0.0,9.1,0.0,0.0,0.0,0,0,0,0,56674,0,0,0,2,5,CACHE,1,North Cache County,1,Clarkston Area,6,Balance of Cache County,Balance of Cache County
50687,687,0.0,0.0,0.00,0.0,0.0,0.0,0.0,9.1,0.0,0.0,0.0,0.0,0.0,0.0,0.0,0.0,9.1,0.0,0.0,0.0,0,0,0,0,56674,0,0,0,2,5,CACHE,1,North Cache County,1,Clarkston Area,6,Balance of Cache County,Balance of Cache County
50688,688,0.0,0.0,0.00,0.0,0.0,0.0,0.0,5.7,0.0,0.0,0.0,0.0,0.0,0.0,0.0,0.0,5.7,0.0,0.0,0.0,0,0,0,0,56674,0,0,0,2,5,CACHE,1,North Cache County,1,Clarkston Area,6,Balance of Cache County,Balance of Cache County
50689,689,0.0,0.0,0.00,0.0,0.0,0.0,0.0,5.7,0.0,0.0,0.0,0.0,0.0,0.0,0.0,0.0,5.7,0.0,0.0,0.0,0,0,0,0,65252,0,0,0,2,5,CACHE,2,West Cache County,4,Newton Area,6,Balance of Cache County,Balance of Cache County
50690,690,0.0,0.0,0.00,0.0,0.0,0.0,0.0,9.1,0.0,0.0,0.0,0.0,0.0,0.0,0.0,0.0,9.1,0.0,0.0,0.0,0,0,0,0,56674,0,0,0,2,5,CACHE,1,North Cache County,1,Clarkston Area,6,Balance of Cache County,Balance of Cache County
50691,691,0.0,0.0,0.00,0.0,0.0,0.0,0.0,9.1,0.0,0.0,0.0,0.0,0.0,0.0,0.0,0.0,9.1,0.0,0.0,0.0,0,0,0,0,65252,0,0,0,2,5,CACHE,2,West Cache County,4,Newton Area,6,Balance of Cache County,Balance of Cache County
50692,692,4.0,18.7,4.66,0.0,0.0,0.0,0.0,5.9,0.0,0.0,0.0,0.0,0.0,0.0,0.0,0.0,5.7,0.0,0.0,0.2,0,0,0,0,65252,0,0,0,2,5,CACHE,2,West Cache County,4,Newton Area,6,Balance of Cache County,Balance of Cache County
50693,693,3.4,10.7,3.16,0.0,0.0,0.0,0.0,0.2,0.0,0.0,0.0,0.0,0.0,0.0,0.0,0.0,0.0,0.0,0.0,0.2,0,0,0,0,65252,0,0,0,2,5,CACHE,2,West Cache County,4,Newton Area,6,Balance of Cache County,Balance of Cache County
50694,694,2.5,6.7,2.67,0.0,0.0,0.0,0.0,11.4,0.0,0.0,0.0,0.0,0.0,0.0,0.0,0.0,11.3,0.0,0.0,0.1,0,0,0,0,65252,0,0,0,2,5,CACHE,2,West Cache County,4,Newton Area,6,Balance of Cache County,Balance of Cache County
50695,695,2.4,8.7,3.66,0.0,0.0,0.0,0.0,5.8,0.0,0.0,0.0,0.0,0.0,0.0,0.0,0.0,5.7,0.0,0.0,0.1,0,0,0,0,65252,0,0,0,2,5,CACHE,2,West Cache County,4,Newton Area,6,Balance of Cache County,Balance of Cache County
50696,696,5.0,14.9,3.00,0.0,0.0,0.0,0.0,6.0,0.0,0.0,0.0,0.0,0.0,0.0,0.0,0.0,5.7,0.0,0.0,0.3,0,0,0,0,65252,0,0,0,2,5,CACHE,2,West Cache County,4,Newton Area,6,Balance of Cache County,Balance of Cache County
50697,697,6.2,13.4,2.17,0.0,0.0,0.0,0.0,6.0,0.0,0.0,0.0,0.0,0.0,0.0,0.0,0.0,5.7,0.0,0.0,0.3,0,0,0,0,65252,0,0,0,2,5,CACHE,2,West Cache County,4,Newton Area,6,Balance of Cache County,Balance of Cache County
50698,698,12.5,38.4,3.07,0.0,0.0,0.0,0.0,11.0,0.0,0.0,0.0,0.0,0.0,0.0,0.0,0.0,9.1,0.0,1.3,0.7,0,0,0,0,65252,0,0,0,2,5,CACHE,2,West Cache County,4,Newton Area,6,Balance of Cache County,Balance of Cache County
50699,699,16.3,43.5,2.67,0.0,0.0,0.0,0.0,11.2,0.0,0.0,0.0,0.0,0.0,0.0,0.0,0.0,9.1,0.0,1.3,0.9,0,0,0,0,51765,0,0,0,2,5,CACHE,2,West Cache County,5,Amalga Area,6,Balance of Cache County,Balance of Cache County
50700,700,2.2,10.1,4.66,0.0,0.0,0.0,0.0,0.1,0.0,0.0,0.0,0.0,0.0,0.0,0.0,0.0,0.0,0.0,0.0,0.1,0,0,0,0,51765,0,0,0,2,5,CACHE,2,West Cache County,5,Amalga Area,6,Balance of Cache County,Balance of Cache County
50701,701,0.0,0.0,0.00,0.0,0.0,0.0,0.0,0.0,0.0,0.0,0.0,0.0,0.0,0.0,0.0,0.0,0.0,0.0,0.0,0.0,0,0,0,0,51765,0,0,0,2,5,CACHE,2,West Cache County,5,Amalga Area,6,Balance of Cache County,Balance of Cache County
50702,702,0.0,0.0,0.00,0.0,0.0,0.0,0.0,0.0,0.0,0.0,0.0,0.0,0.0,0.0,0.0,0.0,0.0,0.0,0.0,0.0,0,0,0,0,51765,0,0,0,2,5,CACHE,2,West Cache County,5,Amalga Area,6,Balance of Cache County,Balance of Cache County
50703,703,0.0,0.0,0.00,0.0,0.0,0.0,0.0,0.0,0.0,0.0,0.0,0.0,0.0,0.0,0.0,0.0,0.0,0.0,0.0,0.0,0,0,0,0,51765,0,0,0,2,5,CACHE,2,West Cache County,5,Amalga Area,6,Balance of Cache County,Balance of Cache County
50704,704,0.0,0.0,0.00,0.0,0.0,0.0,0.0,0.0,0.0,0.0,0.0,0.0,0.0,0.0,0.0,0.0,0.0,0.0,0.0,0.0,0,0,0,0,51765,0,0,0,2,5,CACHE,2,West Cache County,5,Amalga Area,6,Balance of Cache County,Balance of Cache County
50705,705,0.0,0.0,0.00,0.0,0.0,0.0,0.0,0.0,0.0,0.0,0.0,0.0,0.0,0.0,0.0,0.0,0.0,0.0,0.0,0.0,0,0,0,0,51765,0,0,0,2,5,CACHE,2,West Cache County,5,Amalga Area,6,Balance of Cache County,Balance of Cache County
50706,706,0.0,0.0,0.00,0.0,0.0,0.0,0.0,0.0,0.0,0.0,0.0,0.0,0.0,0.0,0.0,0.0,0.0,0.0,0.0,0.0,0,0,0,0,65252,0,0,0,2,5,CACHE,2,West Cache County,4,Newton Area,6,Balance of Cache County,Balance of Cache County
50707,707,0.0,0.0,0.00,0.0,0.0,0.0,0.0,0.0,0.0,0.0,0.0,0.0,0.0,0.0,0.0,0.0,0.0,0.0,0.0,0.0,0,0,0,0,65252,0,0,0,2,5,CACHE,2,West Cache County,4,Newton Area,6,Balance of Cache County,Balance of Cache County
50708,708,0.0,0.0,0.00,0.0,0.0,0.0,0.0,0.0,0.0,0.0,0.0,0.0,0.0,0.0,0.0,0.0,0.0,0.0,0.0,0.0,0,0,0,0,65252,0,0,0,2,5,CACHE,2,West Cache County,4,Newton Area,6,Balance of Cache County,Balance of Cache County
50709,709,0.0,0.0,0.00,0.0,0.0,0.0,0.0,0.0,0.0,0.0,0.0,0.0,0.0,0.0,0.0,0.0,0.0,0.0,0.0,0.0,0,0,0,0,65252,0,0,0,2,5,CACHE,2,West Cache County,4,Newton Area,6,Balance of Cache County,Balance of Cache County
50710,710,7.3,28.5,3.91,0.0,0.0,0.0,0.0,1.0,0.0,0.0,0.0,0.0,0.0,0.0,0.0,0.0,0.0,0.0,0.6,0.4,0,0,0,0,65252,0,0,0,2,5,CACHE,2,West Cache County,4,Newton Area,6,Balance of Cache County,Balance of Cache County
50711,711,2.1,5.7,2.67,0.0,0.0,0.0,0.0,0.1,0.0,0.0,0.0,0.0,0.0,0.0,0.0,0.0,0.0,0.0,0.0,0.1,0,0,0,0,65252,0,0,0,2,5,CACHE,2,West Cache County,4,Newton Area,6,Balance of Cache County,Balance of Cache County
50712,712,8.2,35.5,4.33,1.0,0.0,1.0,0.0,1.4,0.0,0.0,1.0,0.0,0.0,0.0,0.0,0.0,0.0,0.0,0.0,0.4,0,0,0,0,65252,0,0,0,2,5,CACHE,2,West Cache County,4,Newton Area,6,Balance of Cache County,Balance of Cache County
50713,713,0.0,0.0,0.00,3.5,0.0,0.0,3.5,3.5,0.0,0.0,0.0,0.0,0.0,0.0,3.5,0.0,0.0,0.0,0.0,0.0,0,0,0,0,65252,0,0,0,2,5,CACHE,2,West Cache County,4,Newton Area,6,Balance of Cache County,Balance of Cache County
50714,714,0.0,0.0,0.00,0.0,0.0,0.0,0.0,0.0,0.0,0.0,0.0,0.0,0.0,0.0,0.0,0.0,0.0,0.0,0.0,0.0,0,0,0,0,65252,0,0,0,2,5,CACHE,2,West Cache County,4,Newton Area,6,Balance of Cache County,Balance of Cache County
50715,715,12.3,36.4,2.95,0.0,0.0,0.0,0.0,10.4,0.0,0.0,0.0,0.0,0.0,0.0,0.0,0.0,9.1,0.0,0.6,0.7,0,0,0,0,65252,0,0,0,2,5,CACHE,2,West Cache County,4,Newton Area,6,Balance of Cache County,Balance of Cache County
50716,716,6.4,29.8,4.66,0.0,0.0,0.0,0.0,11.1,0.0,0.0,0.0,0.0,0.0,0.0,0.0,0.0,10.2,0.0,0.6,0.3,0,0,0,0,51765,0,0,0,2,5,CACHE,2,West Cache County,5,Amalga Area,6,Balance of Cache County,Balance of Cache County
50717,717,0.0,0.0,0.00,0.0,0.0,0.0,0.0,0.0,0.0,0.0,0.0,0.0,0.0,0.0,0.0,0.0,0.0,0.0,0.0,0.0,0,0,0,0,51765,0,0,0,2,5,CACHE,2,West Cache County,5,Amalga Area,6,Balance of Cache County,Balance of Cache County
50718,718,0.0,0.0,0.00,0.0,0.0,0.0,0.0,0.0,0.0,0.0,0.0,0.0,0.0,0.0,0.0,0.0,0.0,0.0,0.0,0.0,0,0,0,0,51765,0,0,0,2,5,CACHE,2,West Cache County,5,Amalga Area,6,Balance of Cache County,Balance of Cache County
50719,719,0.0,0.0,0.00,0.0,0.0,0.0,0.0,5.7,0.0,0.0,0.0,0.0,0.0,0.0,0.0,0.0,5.7,0.0,0.0,0.0,0,0,0,0,51765,0,0,0,2,5,CACHE,2,West Cache County,5,Amalga Area,6,Balance of Cache County,Balance of Cache County
50720,720,0.0,0.0,0.00,0.0,0.0,0.0,0.0,5.7,0.0,0.0,0.0,0.0,0.0,0.0,0.0,0.0,5.7,0.0,0.0,0.0,0,0,0,0,51765,0,0,0,2,5,CACHE,2,West Cache County,5,Amalga Area,6,Balance of Cache County,Balance of Cache County
50721,721,0.0,0.0,0.00,0.0,0.0,0.0,0.0,5.7,0.0,0.0,0.0,0.0,0.0,0.0,0.0,0.0,5.7,0.0,0.0,0.0,0,0,0,0,51765,0,0,0,2,5,CACHE,2,West Cache County,5,Amalga Area,6,Balance of Cache County,Balance of Cache County
50722,722,7.8,31.4,4.00,0.0,0.0,0.0,0.0,6.7,0.0,0.0,0.0,0.0,0.0,0.0,0.0,0.0,5.7,0.0,0.6,0.4,0,0,0,0,65252,0,0,0,2,5,CACHE,2,West Cache County,4,Newton Area,6,Balance of Cache County,Balance of Cache County
50723,723,9.8,16.4,1.67,0.0,0.0,0.0,0.0,6.8,0.0,0.0,0.0,0.0,0.0,0.0,0.0,0.0,5.7,0.0,0.6,0.5,0,0,0,0,65252,0,0,0,2,5,CACHE,2,West Cache County,4,Newton Area,6,Balance of Cache County,Balance of Cache County
50724,724,10.1,20.6,2.04,22.6,2.0,12.2,8.4,23.8,1.2,0.7,11.8,0.4,2.0,2.1,1.6,2.8,0.0,0.0,0.6,0.5,0,0,0,0,65252,0,0,0,2,5,CACHE,2,West Cache County,4,Newton Area,6,Balance of Cache County,Balance of Cache County
50725,725,7.0,8.3,1.20,0.0,0.0,0.0,0.0,6.7,0.0,0.0,0.0,0.0,0.0,0.0,0.0,0.0,5.7,0.0,0.6,0.4,0,0,0,0,65252,0,0,0,2,5,CACHE,2,West Cache County,4,Newton Area,6,Balance of Cache County,Balance of Cache County
50726,726,1.6,4.3,2.67,0.0,0.0,0.0,0.0,2.4,0.0,0.0,0.0,0.0,0.0,0.0,0.0,0.0,2.3,0.0,0.0,0.1,0,0,0,0,65252,0,0,0,2,5,CACHE,2,West Cache County,4,Newton Area,6,Balance of Cache County,Balance of Cache County
50727,727,0.0,0.0,0.00,0.0,0.0,0.0,0.0,11.3,0.0,0.0,0.0,0.0,0.0,0.0,0.0,0.0,11.3,0.0,0.0,0.0,0,0,0,0,51765,0,0,0,2,5,CACHE,2,West Cache County,4,Newton Area,6,Balance of Cache County,Balance of Cache County
50728,728,5.8,9.6,1.67,42.3,0.0,0.0,42.3,52.3,0.0,0.0,0.0,0.0,0.0,0.0,42.3,0.0,9.1,0.0,0.6,0.3,0,0,0,0,51765,0,0,0,2,5,CACHE,2,West Cache County,4,Newton Area,6,Balance of Cache County,Balance of Cache County
50729,729,7.6,24.1,3.16,0.0,0.0,0.0,0.0,10.1,0.0,0.0,0.0,0.0,0.0,0.0,0.0,0.0,9.1,0.0,0.6,0.4,0,0,0,0,51765,0,0,0,2,5,CACHE,2,West Cache County,5,Amalga Area,6,Balance of Cache County,Balance of Cache County
50730,730,0.0,0.0,0.00,0.0,0.0,0.0,0.0,5.7,0.0,0.0,0.0,0.0,0.0,0.0,0.0,0.0,5.7,0.0,0.0,0.0,0,0,0,0,51765,0,0,0,2,5,CACHE,2,West Cache County,5,Amalga Area,6,Balance of Cache County,Balance of Cache County
50731,731,0.0,0.0,0.00,0.0,0.0,0.0,0.0,5.7,0.0,0.0,0.0,0.0,0.0,0.0,0.0,0.0,5.7,0.0,0.0,0.0,0,0,0,0,51765,0,0,0,2,5,CACHE,2,West Cache County,5,Amalga Area,6,Balance of Cache County,Balance of Cache County
50732,732,2.8,7.6,2.67,0.0,0.0,0.0,0.0,6.5,0.0,0.0,0.0,0.0,0.0,0.0,0.0,0.0,5.7,0.0,0.6,0.2,0,0,0,0,65252,0,0,0,2,5,CACHE,2,West Cache County,4,Newton Area,6,Balance of Cache County,Balance of Cache County
50733,733,4.7,12.5,2.67,0.0,0.0,0.0,0.0,6.6,0.0,0.0,0.0,0.0,0.0,0.0,0.0,0.0,5.7,0.0,0.6,0.3,0,0,0,0,51765,0,0,0,2,5,CACHE,2,West Cache County,4,Newton Area,6,Balance of Cache County,Balance of Cache County
50734,734,4.1,10.8,2.67,0.0,0.0,0.0,0.0,9.3,0.0,0.0,0.0,0.0,0.0,0.0,0.0,0.0,9.1,0.0,0.0,0.2,0,0,0,0,51765,0,0,0,2,5,CACHE,2,West Cache County,5,Amalga Area,6,Balance of Cache County,Balance of Cache County
50735,735,7.1,13.2,1.87,0.0,0.0,0.0,0.0,6.1,0.0,0.0,0.0,0.0,0.0,0.0,0.0,0.0,5.7,0.0,0.0,0.4,0,0,0,0,51765,0,0,0,2,5,CACHE,2,West Cache County,5,Amalga Area,6,Balance of Cache County,Balance of Cache County
50736,736,27.5,71.1,2.58,0.0,0.0,0.0,0.0,11.2,0.0,0.0,0.0,0.0,0.0,0.0,0.0,0.0,9.1,0.0,0.6,1.5,0,0,0,0,51765,0,0,0,2,5,CACHE,2,West Cache County,5,Amalga Area,6,Balance of Cache County,Balance of Cache County
50737,737,0.0,0.0,0.00,0.0,0.0,0.0,0.0,5.7,0.0,0.0,0.0,0.0,0.0,0.0,0.0,0.0,5.7,0.0,0.0,0.0,0,0,0,0,65252,0,0,0,2,5,CACHE,2,West Cache County,4,Newton Area,6,Balance of Cache County,Balance of Cache County
50738,738,0.0,0.0,0.00,0.0,0.0,0.0,0.0,5.7,0.0,0.0,0.0,0.0,0.0,0.0,0.0,0.0,5.7,0.0,0.0,0.0,0,0,0,0,65252,0,0,0,2,5,CACHE,2,West Cache County,4,Newton Area,6,Balance of Cache County,Balance of Cache County
50739,739,16.9,42.1,2.48,16.6,2.1,2.7,11.9,27.9,1.3,0.8,2.2,0.4,2.2,2.3,1.8,5.6,9.1,0.0,1.3,0.9,0,0,0,0,84569,0,0,0,2,5,CACHE,2,West Cache County,4,Newton Area,6,Balance of Cache County,Balance of Cache County
50740,740,15.7,32.6,2.08,0.0,0.0,0.0,0.0,7.1,0.0,0.0,0.0,0.0,0.0,0.0,0.0,0.0,5.7,0.0,0.6,0.8,0,0,0,0,51765,0,0,0,2,5,CACHE,2,West Cache County,5,Amalga Area,6,Balance of Cache County,Balance of Cache County
50741,741,15.1,50.5,3.36,0.0,0.0,0.0,0.0,9.9,0.0,0.0,0.0,0.0,0.0,0.0,0.0,0.0,9.1,0.0,0.0,0.8,0,0,0,0,51765,0,0,0,2,5,CACHE,2,West Cache County,5,Amalga Area,6,Balance of Cache County,Balance of Cache County
50742,742,7.9,11.2,1.42,0.0,0.0,0.0,0.0,0.4,0.0,0.0,0.0,0.0,0.0,0.0,0.0,0.0,0.0,0.0,0.0,0.4,0,0,0,0,84569,0,0,0,2,5,CACHE,2,West Cache County,7,County Area West of Logan,6,Balance of Cache County,Balance of Cache County
50743,743,5.7,26.7,4.66,0.0,0.0,0.0,0.0,0.9,0.0,0.0,0.0,0.0,0.0,0.0,0.0,0.0,0.0,0.0,0.6,0.3,0,0,0,0,51765,0,0,0,2,5,CACHE,2,West Cache County,5,Amalga Area,6,Balance of Cache County,Balance of Cache County
50744,744,7.9,11.2,1.42,1.4,0.0,0.0,1.4,1.8,0.0,0.0,0.0,0.0,1.4,0.0,0.0,0.0,0.0,0.0,0.0,0.4,0,0,0,0,84569,0,0,0,2,5,CACHE,2,West Cache County,7,County Area West of Logan,6,Balance of Cache County,Balance of Cache County
50745,745,10.1,39.4,3.91,0.0,0.0,0.0,0.0,0.5,0.0,0.0,0.0,0.0,0.0,0.0,0.0,0.0,0.0,0.0,0.0,0.5,0,0,0,0,84569,0,0,0,2,5,CACHE,2,West Cache County,5,Amalga Area,6,Balance of Cache County,Balance of Cache County
50746,746,5.0,13.2,2.67,8.9,1.3,1.7,5.9,16.2,0.8,0.5,1.4,0.3,1.4,1.4,1.2,1.9,5.7,0.0,1.3,0.3,0,0,0,0,57669,0,0,0,2,5,CACHE,1,North Cache County,3,Richmond Area,6,Balance of Cache County,Balance of Cache County
50747,747,2.7,7.2,2.67,0.0,0.0,0.0,0.0,6.4,0.0,0.0,0.0,0.0,0.0,0.0,0.0,0.0,5.7,0.0,0.6,0.1,0,0,0,0,48909,0,0,0,2,5,CACHE,1,North Cache County,3,Richmond Area,6,Balance of Cache County,Balance of Cache County
50748,748,0.0,0.0,0.00,0.0,0.0,0.0,0.0,5.7,0.0,0.0,0.0,0.0,0.0,0.0,0.0,0.0,5.7,0.0,0.0,0.0,0,0,0,0,48909,0,0,0,2,5,CACHE,1,North Cache County,3,Richmond Area,6,Balance of Cache County,Balance of Cache County
50749,749,38.5,101.5,2.63,1.3,1.3,0.0,0.0,10.4,1.3,0.0,0.0,0.0,0.0,0.0,0.0,0.0,5.7,0.0,1.3,2.1,0,0,0,0,48909,0,0,0,2,5,CACHE,1,North Cache County,3,Richmond Area,6,Balance of Cache County,Balance of Cache County
50750,750,12.4,34.4,2.78,99.2,5.6,69.4,24.1,106.2,3.6,2.1,5.8,63.7,5.6,5.9,4.7,7.9,5.7,0.0,0.6,0.7,0,0,0,0,57669,0,0,0,2,5,CACHE,1,North Cache County,3,Richmond Area,6,Balance of Cache County,Balance of Cache County
50751,751,61.7,130.3,2.11,60.4,6.9,20.4,33.1,139.9,4.3,2.6,12.1,8.3,8.7,7.3,7.3,9.8,5.7,68.7,1.9,3.3,0,0,0,0,48909,0,0,0,2,5,CACHE,1,North Cache County,3,Richmond Area,6,Balance of Cache County,Balance of Cache County
50752,752,13.4,24.0,1.79,78.1,7.4,38.6,32.1,96.1,4.7,2.7,37.0,1.6,7.4,7.9,6.2,10.5,2.3,13.7,1.3,0.7,0,0,0,0,48909,0,0,0,2,5,CACHE,1,North Cache County,3,Richmond Area,6,Balance of Cache County,Balance of Cache County
50753,753,25.4,66.3,2.62,291.4,4.3,264.6,22.5,298.6,2.7,1.6,259.0,5.7,4.3,4.5,3.6,10.1,4.5,0.0,1.3,1.4,0,0,0,0,56939,0,0,0,2,5,CACHE,1,North Cache County,3,Richmond Area,6,Balance of Cache County,Balance of Cache County
50754,754,17.0,58.6,3.45,0.0,0.0,0.0,0.0,3.8,0.0,0.0,0.0,0.0,0.0,0.0,0.0,0.0,2.3,0.0,0.6,0.9,0,0,0,0,48909,0,0,0,2,5,CACHE,1,North Cache County,3,Richmond Area,6,Balance of Cache County,Balance of Cache County
50755,755,27.9,98.2,3.52,10.9,6.7,0.3,3.8,18.7,6.6,0.1,0.3,0.1,0.2,0.3,0.2,3.1,5.7,0.0,0.6,1.5,0,0,0,0,48909,0,0,0,2,5,CACHE,1,North Cache County,3,Richmond Area,6,Balance of Cache County,Balance of Cache County
50756,756,21.3,72.6,3.40,4.1,0.0,0.0,4.1,5.3,0.0,0.0,0.0,0.0,4.1,0.0,0.0,0.0,0.0,0.0,0.0,1.2,0,0,0,0,48909,0,0,0,2,5,CACHE,1,North Cache County,3,Richmond Area,6,Balance of Cache County,Balance of Cache County
50757,757,1.6,5.9,3.66,0.0,0.0,0.0,0.0,0.1,0.0,0.0,0.0,0.0,0.0,0.0,0.0,0.0,0.0,0.0,0.0,0.1,0,0,0,0,48909,0,0,0,2,5,CACHE,1,North Cache County,3,Richmond Area,6,Balance of Cache County,Balance of Cache County
50758,758,8.8,23.5,2.67,0.0,0.0,0.0,0.0,6.8,0.0,0.0,0.0,0.0,0.0,0.0,0.0,0.0,5.7,0.0,0.6,0.5,0,0,0,0,57669,0,0,0,2,5,CACHE,1,North Cache County,3,Richmond Area,6,Balance of Cache County,Balance of Cache County
50759,759,1.1,2.9,2.67,495.1,1.5,488.6,4.9,495.2,0.7,0.8,488.3,0.2,1.2,1.2,1.0,1.6,0.0,0.0,0.0,0.1,0,0,0,0,48909,0,0,0,2,5,CACHE,1,North Cache County,3,Richmond Area,6,Balance of Cache County,Balance of Cache County
50760,760,2.0,9.2,4.66,0.0,0.0,0.0,0.0,0.1,0.0,0.0,0.0,0.0,0.0,0.0,0.0,0.0,0.0,0.0,0.0,0.1,0,0,0,0,48909,0,0,0,2,5,CACHE,1,North Cache County,3,Richmond Area,6,Balance of Cache County,Balance of Cache County
50761,761,0.0,0.0,0.00,0.0,0.0,0.0,0.0,0.0,0.0,0.0,0.0,0.0,0.0,0.0,0.0,0.0,0.0,0.0,0.0,0.0,0,0,0,0,65834,0,0,0,2,5,CACHE,1,North Cache County,3,Richmond Area,6,Balance of Cache County,Balance of Cache County
50762,762,0.0,0.0,0.00,0.0,0.0,0.0,0.0,2.3,0.0,0.0,0.0,0.0,0.0,0.0,0.0,0.0,2.3,0.0,0.0,0.0,0,0,0,0,57669,0,0,0,2,5,CACHE,1,North Cache County,3,Richmond Area,6,Balance of Cache County,Balance of Cache County
50763,763,0.0,0.0,0.00,0.0,0.0,0.0,0.0,5.7,0.0,0.0,0.0,0.0,0.0,0.0,0.0,0.0,5.7,0.0,0.0,0.0,0,0,0,0,57669,0,0,0,2,5,CACHE,1,North Cache County,3,Richmond Area,6,Balance of Cache County,Balance of Cache County
50764,764,4.1,11.0,2.67,0.0,0.0,0.0,0.0,5.9,0.0,0.0,0.0,0.0,0.0,0.0,0.0,0.0,5.7,0.0,0.0,0.2,0,0,0,0,57669,0,0,0,2,5,CACHE,1,North Cache County,3,Richmond Area,6,Balance of Cache County,Balance of Cache County
50765,765,21.4,58.6,2.74,0.0,0.0,0.0,0.0,1.8,0.0,0.0,0.0,0.0,0.0,0.0,0.0,0.0,0.0,0.0,0.6,1.2,0,0,0,0,65834,0,0,0,2,5,CACHE,1,North Cache County,3,Richmond Area,6,Balance of Cache County,Balance of Cache County
50766,766,0.0,0.0,0.00,0.0,0.0,0.0,0.0,0.0,0.0,0.0,0.0,0.0,0.0,0.0,0.0,0.0,0.0,0.0,0.0,0.0,0,0,0,0,57669,0,0,0,2,5,CACHE,1,North Cache County,2,"Trenton, Cornish, Lewiston Area",6,Balance of Cache County,Balance of Cache County
50767,767,0.0,0.0,0.00,0.0,0.0,0.0,0.0,17.0,0.0,0.0,0.0,0.0,0.0,0.0,0.0,0.0,17.0,0.0,0.0,0.0,0,0,0,0,57669,0,0,0,2,5,CACHE,1,North Cache County,3,Richmond Area,6,Balance of Cache County,Balance of Cache County
50768,768,0.0,0.0,0.00,0.0,0.0,0.0,0.0,5.7,0.0,0.0,0.0,0.0,0.0,0.0,0.0,0.0,5.7,0.0,0.0,0.0,0,0,0,0,57669,0,0,0,2,5,CACHE,1,North Cache County,3,Richmond Area,6,Balance of Cache County,Balance of Cache County
50769,769,5.3,16.0,3.00,0.0,0.0,0.0,0.0,6.6,0.0,0.0,0.0,0.0,0.0,0.0,0.0,0.0,5.7,0.0,0.6,0.3,0,0,0,0,57669,0,0,0,2,5,CACHE,1,North Cache County,3,Richmond Area,6,Balance of Cache County,Balance of Cache County
50770,770,2.0,5.2,2.67,0.0,0.0,0.0,0.0,0.1,0.0,0.0,0.0,0.0,0.0,0.0,0.0,0.0,0.0,0.0,0.0,0.1,0,0,0,0,65834,0,0,0,2,5,CACHE,1,North Cache County,3,Richmond Area,6,Balance of Cache County,Balance of Cache County
50771,771,0.0,0.0,0.00,0.0,0.0,0.0,0.0,5.7,0.0,0.0,0.0,0.0,0.0,0.0,0.0,0.0,5.7,0.0,0.0,0.0,0,0,0,0,57669,0,0,0,2,5,CACHE,1,North Cache County,3,Richmond Area,6,Balance of Cache County,Balance of Cache County
50772,772,3.7,11.7,3.16,0.0,0.0,0.0,0.0,5.9,0.0,0.0,0.0,0.0,0.0,0.0,0.0,0.0,5.7,0.0,0.0,0.2,0,0,0,0,57669,0,0,0,2,5,CACHE,1,North Cache County,3,Richmond Area,6,Balance of Cache County,Balance of Cache County
50773,773,1.9,5.1,2.67,0.0,0.0,0.0,0.0,0.1,0.0,0.0,0.0,0.0,0.0,0.0,0.0,0.0,0.0,0.0,0.0,0.1,0,0,0,0,65834,0,0,0,2,5,CACHE,1,North Cache County,3,Richmond Area,6,Balance of Cache County,Balance of Cache County
50774,774,0.0,0.0,0.00,0.0,0.0,0.0,0.0,0.0,0.0,0.0,0.0,0.0,0.0,0.0,0.0,0.0,0.0,0.0,0.0,0.0,0,0,0,0,65834,0,0,0,2,5,CACHE,1,North Cache County,3,Richmond Area,6,Balance of Cache County,Balance of Cache County
50775,775,2.3,6.2,2.67,0.0,0.0,0.0,0.0,5.8,0.0,0.0,0.0,0.0,0.0,0.0,0.0,0.0,5.7,0.0,0.0,0.1,0,0,0,0,65834,0,0,0,2,5,CACHE,1,North Cache County,3,Richmond Area,6,Balance of Cache County,Balance of Cache County
50776,776,14.4,29.7,2.07,9.2,0.0,9.2,0.0,10.7,0.0,0.0,0.0,9.2,0.0,0.0,0.0,0.0,0.0,0.0,0.6,0.8,0,0,0,0,65834,0,0,0,2,5,CACHE,1,North Cache County,3,Richmond Area,6,Balance of Cache County,Balance of Cache County
50777,777,13.8,34.6,2.50,0.0,0.0,0.0,0.0,0.7,0.0,0.0,0.0,0.0,0.0,0.0,0.0,0.0,0.0,0.0,0.0,0.7,0,0,0,0,65834,0,0,0,2,5,CACHE,1,North Cache County,3,Richmond Area,6,Balance of Cache County,Balance of Cache County
50778,778,0.0,0.0,0.00,0.0,0.0,0.0,0.0,9.1,0.0,0.0,0.0,0.0,0.0,0.0,0.0,0.0,9.1,0.0,0.0,0.0,0,0,0,0,61434,0,0,0,2,5,CACHE,3,North of Logan Area,8,Smithfield Area,6,Balance of Cache County,Balance of Cache County
50779,779,2.5,3.0,1.20,0.0,0.0,0.0,0.0,9.2,0.0,0.0,0.0,0.0,0.0,0.0,0.0,0.0,9.1,0.0,0.0,0.1,0,0,0,0,61434,0,0,0,2,5,CACHE,3,North of Logan Area,8,Smithfield Area,6,Balance of Cache County,Balance of Cache County
50780,780,11.4,33.2,2.92,0.0,0.0,0.0,0.0,10.3,0.0,0.0,0.0,0.0,0.0,0.0,0.0,0.0,9.1,0.0,0.6,0.6,0,0,0,0,61434,0,0,0,2,5,CACHE,3,North of Logan Area,8,Smithfield Area,6,Balance of Cache County,Balance of Cache County
50781,781,18.9,75.8,4.02,1.2,0.0,0.0,1.2,11.9,0.0,0.0,0.0,0.0,0.0,0.0,1.2,0.0,9.1,0.0,0.6,1.0,0,0,0,0,61434,0,0,0,2,5,CACHE,3,North of Logan Area,8,Smithfield Area,6,Balance of Cache County,Balance of Cache County
50782,782,0.0,0.0,0.00,0.0,0.0,0.0,0.0,9.1,0.0,0.0,0.0,0.0,0.0,0.0,0.0,0.0,9.1,0.0,0.0,0.0,0,0,0,0,61434,0,0,0,2,5,CACHE,3,North of Logan Area,8,Smithfield Area,6,Balance of Cache County,Balance of Cache County
50783,783,7.1,26.1,3.66,0.0,0.0,0.0,0.0,10.1,0.0,0.0,0.0,0.0,0.0,0.0,0.0,0.0,9.1,0.0,0.6,0.4,0,0,0,0,61434,0,0,0,2,5,CACHE,3,North of Logan Area,8,Smithfield Area,6,Balance of Cache County,Balance of Cache County
50784,784,15.5,63.6,4.09,10.9,0.0,0.0,10.9,17.3,0.0,0.0,0.0,0.0,0.0,0.0,0.0,10.9,5.7,0.0,0.0,0.8,0,0,0,0,61434,0,0,0,2,5,CACHE,3,North of Logan Area,8,Smithfield Area,6,Balance of Cache County,Balance of Cache County
50785,785,29.2,64.6,2.21,0.0,0.0,0.0,0.0,2.2,0.0,0.0,0.0,0.0,0.0,0.0,0.0,0.0,0.0,0.0,0.6,1.6,0,0,0,0,81194,0,0,0,2,5,CACHE,3,North of Logan Area,8,Smithfield Area,6,Balance of Cache County,Balance of Cache County
50786,786,13.7,18.3,1.33,0.0,0.0,0.0,0.0,2.0,0.0,0.0,0.0,0.0,0.0,0.0,0.0,0.0,0.0,0.0,1.3,0.7,0,0,0,0,65834,0,0,0,2,5,CACHE,1,North Cache County,3,Richmond Area,6,Balance of Cache County,Balance of Cache County
50787,787,15.7,52.1,3.33,0.0,0.0,0.0,0.0,7.1,0.0,0.0,0.0,0.0,0.0,0.0,0.0,0.0,5.7,0.0,0.6,0.8,0,0,0,0,61434,0,0,0,2,5,CACHE,3,North of Logan Area,8,Smithfield Area,6,Balance of Cache County,Balance of Cache County
50788,788,0.0,0.0,0.00,0.0,0.0,0.0,0.0,5.7,0.0,0.0,0.0,0.0,0.0,0.0,0.0,0.0,5.7,0.0,0.0,0.0,0,0,0,0,61434,0,0,0,2,5,CACHE,3,North of Logan Area,8,Smithfield Area,6,Balance of Cache County,Balance of Cache County
50789,789,2.1,5.7,2.67,0.0,0.0,0.0,0.0,5.8,0.0,0.0,0.0,0.0,0.0,0.0,0.0,0.0,5.7,0.0,0.0,0.1,0,0,0,0,61434,0,0,0,2,5,CACHE,3,North of Logan Area,8,Smithfield Area,6,Balance of Cache County,Balance of Cache County
50790,790,9.8,47.8,4.86,0.0,0.0,0.0,0.0,6.8,0.0,0.0,0.0,0.0,0.0,0.0,0.0,0.0,5.7,0.0,0.6,0.5,0,0,0,0,61434,0,0,0,2,5,CACHE,3,North of Logan Area,8,Smithfield Area,6,Balance of Cache County,Balance of Cache County
50791,791,8.7,20.4,2.33,290.9,39.8,74.4,176.6,299.0,24.6,15.2,42.1,32.4,41.7,43.0,34.9,57.0,0.0,0.0,7.6,0.5,0,0,0,0,81194,0,0,0,2,5,CACHE,3,North of Logan Area,8,Smithfield Area,6,Balance of Cache County,Balance of Cache County
50792,792,8.7,20.4,2.33,74.3,8.9,11.1,54.3,79.0,5.6,3.3,9.2,1.9,9.0,9.5,7.6,28.2,2.3,0.0,1.9,0.5,0,0,0,0,81194,0,0,0,2,5,CACHE,3,North of Logan Area,8,Smithfield Area,6,Balance of Cache County,Balance of Cache County
50793,793,12.7,23.8,1.87,4.1,0.0,0.0,4.1,5.5,0.0,0.0,0.0,0.0,4.1,0.0,0.0,0.0,0.0,0.0,0.6,0.7,0,0,0,0,61434,0,0,0,2,5,CACHE,3,North of Logan Area,8,Smithfield Area,6,Balance of Cache County,Balance of Cache County
50794,794,17.1,48.1,2.82,17.6,0.0,4.0,13.6,19.1,0.0,0.0,4.0,0.0,0.0,0.0,0.0,13.6,0.0,0.0,0.6,0.9,0,0,0,0,61434,0,0,0,2,5,CACHE,3,North of Logan Area,8,Smithfield Area,6,Balance of Cache County,Balance of Cache County
50795,795,10.7,39.1,3.66,0.0,0.0,0.0,0.0,3.1,0.0,0.0,0.0,0.0,0.0,0.0,0.0,0.0,0.0,0.0,2.5,0.6,0,0,0,0,61434,0,0,0,2,5,CACHE,3,North of Logan Area,8,Smithfield Area,6,Balance of Cache County,Balance of Cache County
50796,796,10.7,39.4,3.66,0.0,0.0,0.0,0.0,1.9,0.0,0.0,0.0,0.0,0.0,0.0,0.0,0.0,0.0,0.0,1.3,0.6,0,0,0,0,61434,0,0,0,2,5,CACHE,3,North of Logan Area,8,Smithfield Area,6,Balance of Cache County,Balance of Cache County
50797,797,7.2,20.6,2.87,0.0,0.0,0.0,0.0,0.4,0.0,0.0,0.0,0.0,0.0,0.0,0.0,0.0,0.0,0.0,0.0,0.4,0,0,0,0,61434,0,0,0,2,5,CACHE,3,North of Logan Area,8,Smithfield Area,6,Balance of Cache County,Balance of Cache County
50798,798,10.9,28.9,2.67,0.0,0.0,0.0,0.0,6.9,0.0,0.0,0.0,0.0,0.0,0.0,0.0,0.0,5.7,0.0,0.6,0.6,0,0,0,0,63778,0,0,0,2,5,CACHE,3,North of Logan Area,8,Smithfield Area,6,Balance of Cache County,Balance of Cache County
50799,799,7.3,15.0,2.07,0.0,0.0,0.0,0.0,6.1,0.0,0.0,0.0,0.0,0.0,0.0,0.0,0.0,5.7,0.0,0.0,0.4,0,0,0,0,63778,0,0,0,2,5,CACHE,3,North of Logan Area,8,Smithfield Area,6,Balance of Cache County,Balance of Cache County
50800,800,24.7,80.2,3.24,11.0,0.0,0.0,11.0,22.0,0.0,0.0,0.0,0.0,11.0,0.0,0.0,0.0,9.1,0.0,0.6,1.3,0,0,0,0,63778,0,0,0,2,5,CACHE,3,North of Logan Area,8,Smithfield Area,6,Balance of Cache County,Balance of Cache County
50801,801,19.7,66.2,3.36,9.2,3.5,1.3,4.5,20.0,3.1,0.4,1.1,0.2,1.0,1.1,0.9,1.5,9.1,0.0,0.6,1.1,0,0,0,0,63778,0,0,0,2,5,CACHE,3,North of Logan Area,8,Smithfield Area,6,Balance of Cache County,Balance of Cache County
50802,802,10.6,28.3,2.67,0.0,0.0,0.0,0.0,6.9,0.0,0.0,0.0,0.0,0.0,0.0,0.0,0.0,5.7,0.0,0.6,0.6,0,0,0,0,63778,0,0,0,2,5,CACHE,3,North of Logan Area,9,Hyde Park Area,6,Balance of Cache County,Balance of Cache County
50803,803,0.0,0.0,0.00,0.0,0.0,0.0,0.0,4.5,0.0,0.0,0.0,0.0,0.0,0.0,0.0,0.0,4.5,0.0,0.0,0.0,0,0,0,0,63778,0,0,0,2,5,CACHE,3,North of Logan Area,9,Hyde Park Area,6,Balance of Cache County,Balance of Cache County
50804,804,9.8,15.2,1.54,0.0,0.0,0.0,0.0,0.5,0.0,0.0,0.0,0.0,0.0,0.0,0.0,0.0,0.0,0.0,0.0,0.5,0,0,0,0,63778,0,0,0,2,5,CACHE,3,North of Logan Area,9,Hyde Park Area,6,Balance of Cache County,Balance of Cache County
50805,805,2.0,5.2,2.67,0.0,0.0,0.0,0.0,0.1,0.0,0.0,0.0,0.0,0.0,0.0,0.0,0.0,0.0,0.0,0.0,0.1,0,0,0,0,63778,0,0,0,2,5,CACHE,3,North of Logan Area,9,Hyde Park Area,6,Balance of Cache County,Balance of Cache County
50806,806,19.8,31.8,1.60,0.0,0.0,0.0,0.0,7.4,0.0,0.0,0.0,0.0,0.0,0.0,0.0,0.0,5.7,0.0,0.6,1.1,0,0,0,0,70663,0,0,0,2,5,CACHE,3,North of Logan Area,9,Hyde Park Area,6,Balance of Cache County,Balance of Cache County
50807,807,2.5,4.1,1.67,0.0,0.0,0.0,0.0,5.8,0.0,0.0,0.0,0.0,0.0,0.0,0.0,0.0,5.7,0.0,0.0,0.1,0,0,0,0,70663,0,0,0,2,5,CACHE,3,North of Logan Area,9,Hyde Park Area,6,Balance of Cache County,Balance of Cache County
50808,808,35.9,99.5,2.77,0.0,0.0,0.0,0.0,2.5,0.0,0.0,0.0,0.0,0.0,0.0,0.0,0.0,0.0,0.0,0.6,1.9,0,0,0,0,88970,0,0,0,2,5,CACHE,3,North of Logan Area,8,Smithfield Area,6,Balance of Cache County,Balance of Cache County
50809,809,0.0,0.0,0.00,0.0,0.0,0.0,0.0,0.0,0.0,0.0,0.0,0.0,0.0,0.0,0.0,0.0,0.0,0.0,0.0,0.0,0,0,0,0,62773,0,0,0,2,5,CACHE,3,North of Logan Area,8,Smithfield Area,6,Balance of Cache County,Balance of Cache County
50810,810,2.9,10.7,3.66,0.0,0.0,0.0,0.0,0.8,0.0,0.0,0.0,0.0,0.0,0.0,0.0,0.0,0.0,0.0,0.6,0.2,0,0,0,0,99127,0,0,0,2,5,CACHE,3,North of Logan Area,9,Hyde Park Area,6,Balance of Cache County,Balance of Cache County
50811,811,39.9,140.5,3.53,2.7,0.0,0.0,2.7,6.2,0.0,0.0,0.0,0.0,0.0,0.0,0.0,2.7,0.0,0.0,1.3,2.2,0,0,0,0,65252,0,0,0,2,5,CACHE,2,West Cache County,6,Mendon Area,6,Balance of Cache County,Balance of Cache County
50812,812,0.0,0.0,0.00,18.3,2.7,3.4,12.2,24.1,1.6,1.0,2.9,0.5,2.9,2.9,2.5,3.8,4.5,0.0,1.3,0.0,0,0,0,0,65252,0,0,0,2,5,CACHE,2,West Cache County,6,Mendon Area,6,Balance of Cache County,Balance of Cache County
50813,813,24.7,45.0,1.82,0.0,0.0,0.0,0.0,6.5,0.0,0.0,0.0,0.0,0.0,0.0,0.0,0.0,4.5,0.0,0.6,1.3,0,0,0,0,65252,0,0,0,2,5,CACHE,2,West Cache County,6,Mendon Area,6,Balance of Cache County,Balance of Cache County
50814,814,8.9,40.0,4.50,0.0,0.0,0.0,0.0,5.7,0.0,0.0,0.0,0.0,0.0,0.0,0.0,0.0,4.5,0.0,0.6,0.5,0,0,0,0,65252,0,0,0,2,5,CACHE,2,West Cache County,6,Mendon Area,6,Balance of Cache County,Balance of Cache County
50815,815,8.6,27.2,3.16,10.6,1.5,2.0,7.0,12.3,0.9,0.6,1.7,0.3,1.7,1.7,1.4,2.2,0.0,0.0,1.3,0.5,0,0,0,0,65252,0,0,0,2,5,CACHE,2,West Cache County,6,Mendon Area,6,Balance of Cache County,Balance of Cache County
50816,816,0.0,0.0,0.00,0.0,0.0,0.0,0.0,0.0,0.0,0.0,0.0,0.0,0.0,0.0,0.0,0.0,0.0,0.0,0.0,0.0,0,0,0,0,84569,0,0,0,2,5,CACHE,2,West Cache County,7,County Area West of Logan,6,Balance of Cache County,Balance of Cache County
50817,817,57.1,216.3,3.79,197.8,0.5,0.6,196.7,202.1,0.3,0.2,0.5,0.1,160.9,0.5,2.4,32.9,0.0,0.0,1.3,3.1,0,0,0,0,80861,0,0,0,2,5,CACHE,2,West Cache County,6,Mendon Area,6,Balance of Cache County,Balance of Cache County
50818,818,15.4,56.4,3.66,0.0,0.0,0.0,0.0,1.4,0.0,0.0,0.0,0.0,0.0,0.0,0.0,0.0,0.0,0.0,0.6,0.8,0,0,0,0,80861,0,0,0,2,5,CACHE,2,West Cache County,6,Mendon Area,6,Balance of Cache County,Balance of Cache County
50819,819,17.2,60.0,3.48,52.2,6.1,8.5,37.5,56.0,3.8,2.3,7.3,1.3,14.7,6.5,5.2,11.2,2.3,0.0,0.6,0.9,0,0,0,0,80861,0,0,0,2,5,CACHE,2,West Cache County,6,Mendon Area,6,Balance of Cache County,Balance of Cache County
50820,820,13.4,50.5,3.76,0.0,0.0,0.0,0.0,28.8,0.0,0.0,0.0,0.0,0.0,0.0,0.0,0.0,0.0,27.5,0.6,0.7,0,0,0,0,80861,0,0,0,2,5,CACHE,2,West Cache County,6,Mendon Area,6,Balance of Cache County,Balance of Cache County
50821,821,22.2,78.9,3.56,16.3,2.2,2.8,11.3,23.9,1.4,0.8,2.4,0.5,2.3,2.4,3.4,3.2,5.7,0.0,0.6,1.2,0,0,0,0,80861,0,0,0,2,5,CACHE,2,West Cache County,6,Mendon Area,6,Balance of Cache County,Balance of Cache County
50822,822,7.6,29.3,3.83,0.0,0.0,0.0,0.0,6.1,0.0,0.0,0.0,0.0,0.0,0.0,0.0,0.0,5.7,0.0,0.0,0.4,0,0,0,0,80861,0,0,0,2,5,CACHE,2,West Cache County,6,Mendon Area,6,Balance of Cache County,Balance of Cache County
50823,823,9.6,26.7,2.78,0.0,0.0,0.0,0.0,6.2,0.0,0.0,0.0,0.0,0.0,0.0,0.0,0.0,5.7,0.0,0.0,0.5,0,0,0,0,82903,0,0,0,2,5,CACHE,6,South Cache County,16,Paradise Area,6,Balance of Cache County,Balance of Cache County
50824,824,5.9,17.3,2.92,1.4,0.0,0.0,1.4,1.7,0.0,0.0,0.0,0.0,1.4,0.0,0.0,0.0,0.0,0.0,0.0,0.3,0,0,0,0,80861,0,0,0,2,5,CACHE,2,West Cache County,6,Mendon Area,6,Balance of Cache County,Balance of Cache County
50825,825,6.1,12.3,2.00,0.0,0.0,0.0,0.0,6.0,0.0,0.0,0.0,0.0,0.0,0.0,0.0,0.0,5.7,0.0,0.0,0.3,0,0,0,0,82903,0,0,0,2,5,CACHE,6,South Cache County,16,Paradise Area,6,Balance of Cache County,Balance of Cache County
50826,826,12.5,35.3,2.83,15.7,0.0,10.2,5.5,16.4,0.0,0.0,0.0,10.2,5.5,0.0,0.0,0.0,0.0,0.0,0.0,0.7,0,0,0,0,80861,0,0,0,2,5,CACHE,2,West Cache County,6,Mendon Area,6,Balance of Cache County,Balance of Cache County
50827,827,0.0,0.0,0.00,8.0,0.3,6.3,1.3,12.5,0.2,0.1,6.3,0.1,0.3,0.3,0.3,0.4,4.5,0.0,0.0,0.0,0,0,0,0,80861,0,0,0,2,5,CACHE,2,West Cache County,6,Mendon Area,6,Balance of Cache County,Balance of Cache County
50828,828,3.4,5.6,1.67,0.0,0.0,0.0,0.0,5.9,0.0,0.0,0.0,0.0,0.0,0.0,0.0,0.0,5.7,0.0,0.0,0.2,0,0,0,0,82903,0,0,0,2,5,CACHE,6,South Cache County,16,Paradise Area,6,Balance of Cache County,Balance of Cache County
50829,829,0.0,0.0,0.00,0.0,0.0,0.0,0.0,5.7,0.0,0.0,0.0,0.0,0.0,0.0,0.0,0.0,5.7,0.0,0.0,0.0,0,0,0,0,82903,0,0,0,2,5,CACHE,6,South Cache County,16,Paradise Area,6,Balance of Cache County,Balance of Cache County
50830,830,0.0,0.0,0.00,0.0,0.0,0.0,0.0,0.0,0.0,0.0,0.0,0.0,0.0,0.0,0.0,0.0,0.0,0.0,0.0,0.0,0,0,0,0,84569,0,0,0,2,5,CACHE,2,West Cache County,7,County Area West of Logan,6,Balance of Cache County,Balance of Cache County
50831,831,11.2,38.0,3.39,5.8,0.0,5.8,0.0,12.0,0.0,0.0,0.0,5.8,0.0,0.0,0.0,0.0,5.7,0.0,0.0,0.6,0,0,0,0,84569,0,0,0,2,5,CACHE,2,West Cache County,7,County Area West of Logan,6,Balance of Cache County,Balance of Cache County
50832,832,3.3,7.1,2.17,0.0,0.0,0.0,0.0,0.2,0.0,0.0,0.0,0.0,0.0,0.0,0.0,0.0,0.0,0.0,0.0,0.2,0,0,0,0,82903,0,0,0,2,5,CACHE,6,South Cache County,16,Paradise Area,6,Balance of Cache County,Balance of Cache County
50833,833,16.7,45.9,2.75,1.8,0.0,0.0,1.8,9.0,0.0,0.0,0.0,0.0,0.0,1.8,0.0,0.0,5.7,0.0,0.6,0.9,0,0,0,0,84569,0,0,0,2,5,CACHE,2,West Cache County,7,County Area West of Logan,6,Balance of Cache County,Balance of Cache County
50834,834,3.3,5.5,1.67,0.0,0.0,0.0,0.0,0.2,0.0,0.0,0.0,0.0,0.0,0.0,0.0,0.0,0.0,0.0,0.0,0.2,0,0,0,0,82903,0,0,0,2,5,CACHE,6,South Cache County,16,Paradise Area,6,Balance of Cache County,Balance of Cache County
50835,835,0.0,0.0,0.00,34.1,0.0,0.0,34.1,34.1,0.0,0.0,0.0,0.0,0.0,0.0,34.1,0.0,0.0,0.0,0.0,0.0,0,0,0,0,80861,0,0,0,2,5,CACHE,2,West Cache County,6,Mendon Area,6,Balance of Cache County,Balance of Cache County
50836,836,18.4,69.2,3.75,0.0,0.0,0.0,0.0,7.9,0.0,0.0,0.0,0.0,0.0,0.0,0.0,0.0,5.7,0.0,1.3,1.0,0,0,0,0,82903,0,0,0,2,5,CACHE,6,South Cache County,16,Paradise Area,6,Balance of Cache County,Balance of Cache County
50837,837,7.4,18.7,2.52,53.0,0.2,0.2,52.6,53.4,0.1,0.1,0.2,0.0,0.2,0.2,52.1,0.2,0.0,0.0,0.0,0.4,0,0,0,0,82903,0,0,0,2,5,CACHE,6,South Cache County,16,Paradise Area,6,Balance of Cache County,Balance of Cache County
50838,838,0.0,0.0,0.00,0.0,0.0,0.0,0.0,0.0,0.0,0.0,0.0,0.0,0.0,0.0,0.0,0.0,0.0,0.0,0.0,0.0,0,0,0,0,80861,0,0,0,2,5,CACHE,2,West Cache County,6,Mendon Area,6,Balance of Cache County,Balance of Cache County
50839,839,0.0,0.0,0.00,0.0,0.0,0.0,0.0,0.0,0.0,0.0,0.0,0.0,0.0,0.0,0.0,0.0,0.0,0.0,0.0,0.0,0,0,0,0,82903,0,0,0,2,5,CACHE,6,South Cache County,15,South Central Mountains,6,Balance of Cache County,Balance of Cache County
50840,840,3.8,10.0,2.67,0.0,0.0,0.0,0.0,0.2,0.0,0.0,0.0,0.0,0.0,0.0,0.0,0.0,0.0,0.0,0.0,0.2,0,0,0,0,80861,0,0,0,2,5,CACHE,2,West Cache County,6,Mendon Area,6,Balance of Cache County,Balance of Cache County
50841,841,7.2,15.1,2.10,16.3,0.0,0.0,16.3,16.7,0.0,0.0,0.0,0.0,0.0,0.0,0.0,16.3,0.0,0.0,0.0,0.4,0,0,0,0,70607,0,0,0,2,5,CACHE,6,South Cache County,16,Paradise Area,6,Balance of Cache County,Balance of Cache County
50842,842,1.8,3.0,1.67,0.0,0.0,0.0,0.0,0.1,0.0,0.0,0.0,0.0,0.0,0.0,0.0,0.0,0.0,0.0,0.0,0.1,0,0,0,0,80861,0,0,0,2,5,CACHE,2,West Cache County,6,Mendon Area,6,Balance of Cache County,Balance of Cache County
50843,843,10.9,29.1,2.67,0.0,0.0,0.0,0.0,2.9,0.0,0.0,0.0,0.0,0.0,0.0,0.0,0.0,2.3,0.0,0.0,0.6,0,0,0,0,70607,0,0,0,2,5,CACHE,6,South Cache County,16,Paradise Area,6,Balance of Cache County,Balance of Cache County
50844,844,0.0,0.0,0.00,0.0,0.0,0.0,0.0,2.3,0.0,0.0,0.0,0.0,0.0,0.0,0.0,0.0,2.3,0.0,0.0,0.0,0,0,0,0,80861,0,0,0,2,5,CACHE,2,West Cache County,6,Mendon Area,6,Balance of Cache County,Balance of Cache County
50845,845,2.1,7.8,3.66,0.0,0.0,0.0,0.0,0.1,0.0,0.0,0.0,0.0,0.0,0.0,0.0,0.0,0.0,0.0,0.0,0.1,0,0,0,0,80861,0,0,0,2,5,CACHE,2,West Cache County,6,Mendon Area,6,Balance of Cache County,Balance of Cache County
50846,846,13.7,25.4,1.85,0.0,0.0,0.0,0.0,5.9,0.0,0.0,0.0,0.0,0.0,0.0,0.0,0.0,4.5,0.0,0.6,0.7,0,0,0,0,82903,0,0,0,2,5,CACHE,6,South Cache County,16,Paradise Area,6,Balance of Cache County,Balance of Cache County
50847,847,17.6,57.9,3.29,0.0,0.0,0.0,0.0,6.7,0.0,0.0,0.0,0.0,0.0,0.0,0.0,0.0,5.7,0.0,0.0,1.0,0,0,0,0,80861,0,0,0,2,5,CACHE,2,West Cache County,6,Mendon Area,6,Balance of Cache County,Balance of Cache County
50848,848,10.1,40.7,4.04,0.0,0.0,0.0,0.0,5.0,0.0,0.0,0.0,0.0,0.0,0.0,0.0,0.0,4.5,0.0,0.0,0.5,0,0,0,0,70607,0,0,0,2,5,CACHE,6,South Cache County,16,Paradise Area,6,Balance of Cache County,Balance of Cache County
50849,849,8.2,17.8,2.17,0.0,0.0,0.0,0.0,3.8,0.0,0.0,0.0,0.0,0.0,0.0,0.0,0.0,3.4,0.0,0.0,0.4,0,0,0,0,70607,0,0,0,2,5,CACHE,6,South Cache County,16,Paradise Area,6,Balance of Cache County,Balance of Cache County
50850,850,5.3,16.8,3.16,0.0,0.0,0.0,0.0,4.8,0.0,0.0,0.0,0.0,0.0,0.0,0.0,0.0,4.5,0.0,0.0,0.3,0,0,0,0,80861,0,0,0,2,5,CACHE,2,West Cache County,6,Mendon Area,6,Balance of Cache County,Balance of Cache County
50851,851,7.1,15.8,2.24,0.0,0.0,0.0,0.0,0.4,0.0,0.0,0.0,0.0,0.0,0.0,0.0,0.0,0.0,0.0,0.0,0.4,0,0,0,0,70607,0,0,0,2,5,CACHE,6,South Cache County,16,Paradise Area,6,Balance of Cache County,Balance of Cache County
50852,852,27.8,120.7,4.34,1.4,0.0,0.0,1.4,8.0,0.0,0.0,0.0,0.0,1.4,0.0,0.0,0.0,4.5,0.0,0.6,1.5,0,0,0,0,80861,0,0,0,2,5,CACHE,2,West Cache County,6,Mendon Area,6,Balance of Cache County,Balance of Cache County
50853,853,4.2,5.1,1.20,0.0,0.0,0.0,0.0,0.2,0.0,0.0,0.0,0.0,0.0,0.0,0.0,0.0,0.0,0.0,0.0,0.2,0,0,0,0,80861,0,0,0,2,5,CACHE,2,West Cache County,6,Mendon Area,6,Balance of Cache County,Balance of Cache County
50854,854,13.1,36.2,2.77,4.7,0.0,0.0,4.7,6.0,0.0,0.0,0.0,0.0,0.0,0.0,4.7,0.0,0.0,0.0,0.6,0.7,0,0,0,0,70607,0,0,0,2,5,CACHE,6,South Cache County,16,Paradise Area,6,Balance of Cache County,Balance of Cache County
50855,855,1.8,6.7,3.66,0.0,0.0,0.0,0.0,0.1,0.0,0.0,0.0,0.0,0.0,0.0,0.0,0.0,0.0,0.0,0.0,0.1,0,0,0,0,70607,0,0,0,2,5,CACHE,6,South Cache County,16,Paradise Area,6,Balance of Cache County,Balance of Cache County
50856,856,12.7,41.6,3.26,0.0,0.0,0.0,0.0,5.9,0.0,0.0,0.0,0.0,0.0,0.0,0.0,0.0,4.5,0.0,0.6,0.7,0,0,0,0,80861,0,0,0,2,5,CACHE,2,West Cache County,6,Mendon Area,6,Balance of Cache County,Balance of Cache County
50857,857,37.8,126.1,3.33,2.7,0.0,0.0,2.7,9.9,0.0,0.0,0.0,0.0,2.7,0.0,0.0,0.0,4.5,0.0,0.6,2.0,0,0,0,0,80861,0,0,0,2,5,CACHE,2,West Cache County,6,Mendon Area,6,Balance of Cache County,Balance of Cache County
50858,858,4.9,12.9,2.67,0.0,0.0,0.0,0.0,3.7,0.0,0.0,0.0,0.0,0.0,0.0,0.0,0.0,3.4,0.0,0.0,0.3,0,0,0,0,70607,0,0,0,2,5,CACHE,6,South Cache County,16,Paradise Area,6,Balance of Cache County,Balance of Cache County
50859,859,18.3,42.2,2.31,0.0,0.0,0.0,0.0,6.2,0.0,0.0,0.0,0.0,0.0,0.0,0.0,0.0,4.5,0.0,0.6,1.0,0,0,0,0,70607,0,0,0,2,5,CACHE,6,South Cache County,16,Paradise Area,6,Balance of Cache County,Balance of Cache County
50860,860,0.0,0.0,0.00,0.0,0.0,0.0,0.0,4.5,0.0,0.0,0.0,0.0,0.0,0.0,0.0,0.0,4.5,0.0,0.0,0.0,0,0,0,0,82903,0,0,0,2,5,CACHE,6,South Cache County,16,Paradise Area,6,Balance of Cache County,Balance of Cache County
50861,861,19.9,49.6,2.49,0.0,0.0,0.0,0.0,1.7,0.0,0.0,0.0,0.0,0.0,0.0,0.0,0.0,0.0,0.0,0.6,1.1,0,0,0,0,84225,0,0,0,2,5,CACHE,2,West Cache County,6,Mendon Area,6,Balance of Cache County,Balance of Cache County
50862,862,5.0,18.2,3.66,0.0,0.0,0.0,0.0,7.7,0.0,0.0,0.0,0.0,0.0,0.0,0.0,0.0,6.8,0.0,0.6,0.3,0,0,0,0,84225,0,0,0,2,5,CACHE,2,West Cache County,6,Mendon Area,6,Balance of Cache County,Balance of Cache County
50863,863,0.0,0.0,0.00,0.0,0.0,0.0,0.0,4.5,0.0,0.0,0.0,0.0,0.0,0.0,0.0,0.0,4.5,0.0,0.0,0.0,0,0,0,0,82903,0,0,0,2,5,CACHE,6,South Cache County,16,Paradise Area,6,Balance of Cache County,Balance of Cache County
50864,864,4.5,13.5,3.00,8.0,0.7,0.9,6.3,8.2,0.5,0.3,0.8,0.2,3.9,0.8,0.6,1.0,0.0,0.0,0.0,0.2,0,0,0,0,82903,0,0,0,2,5,CACHE,6,South Cache County,16,Paradise Area,6,Balance of Cache County,Balance of Cache County
50865,865,0.0,0.0,0.00,0.0,0.0,0.0,0.0,4.5,0.0,0.0,0.0,0.0,0.0,0.0,0.0,0.0,4.5,0.0,0.0,0.0,0,0,0,0,84569,0,0,0,2,5,CACHE,2,West Cache County,7,County Area West of Logan,6,Balance of Cache County,Balance of Cache County
50866,866,29.5,67.6,2.29,2.3,1.4,0.2,0.7,9.1,1.4,0.1,0.2,0.0,0.2,0.2,0.1,0.2,4.5,0.0,0.6,1.6,0,0,0,0,84569,0,0,0,2,5,CACHE,2,West Cache County,7,County Area West of Logan,6,Balance of Cache County,Balance of Cache County
50867,867,12.5,29.1,2.33,8.2,0.0,0.0,8.2,8.9,0.0,0.0,0.0,0.0,0.0,0.0,0.0,8.2,0.0,0.0,0.0,0.7,0,0,0,0,82903,0,0,0,2,5,CACHE,6,South Cache County,16,Paradise Area,6,Balance of Cache County,Balance of Cache County
50868,868,11.6,32.5,2.81,0.0,0.0,0.0,0.0,5.8,0.0,0.0,0.0,0.0,0.0,0.0,0.0,0.0,4.5,0.0,0.6,0.6,0,0,0,0,84569,0,0,0,2,5,CACHE,2,West Cache County,7,County Area West of Logan,6,Balance of Cache County,Balance of Cache County
50869,869,27.7,83.4,3.01,34.0,0.0,0.7,33.3,36.1,0.0,0.0,0.7,0.0,33.3,0.0,0.0,0.0,0.0,0.0,0.6,1.5,0,0,0,0,82903,0,0,0,2,5,CACHE,6,South Cache County,16,Paradise Area,6,Balance of Cache County,Balance of Cache County
50870,870,9.6,19.2,2.00,0.0,0.0,0.0,0.0,0.5,0.0,0.0,0.0,0.0,0.0,0.0,0.0,0.0,0.0,0.0,0.0,0.5,0,0,0,0,82903,0,0,0,2,5,CACHE,6,South Cache County,16,Paradise Area,6,Balance of Cache County,Balance of Cache County
50871,871,263.5,712.0,2.70,0.0,0.0,0.0,0.0,179.0,0.0,0.0,0.0,0.0,0.0,0.0,0.0,0.0,4.5,0.0,160.2,14.3,0,0,0,0,84569,0,0,0,2,5,CACHE,2,West Cache County,7,County Area West of Logan,29,Logan,Logan
50872,872,22.4,88.2,3.94,0.0,0.0,0.0,0.0,10.3,0.0,0.0,0.0,0.0,0.0,0.0,0.0,0.0,9.1,0.0,0.0,1.2,0,0,0,0,84569,0,0,0,2,5,CACHE,2,West Cache County,7,County Area West of Logan,6,Balance of Cache County,Balance of Cache County
50873,873,29.5,96.7,3.28,10.3,1.1,1.4,7.7,17.1,0.7,0.4,1.2,0.2,1.2,1.2,3.8,1.6,4.5,0.0,0.6,1.6,0,0,0,0,82903,0,0,0,2,5,CACHE,6,South Cache County,16,Paradise Area,6,Balance of Cache County,Balance of Cache County
50874,874,9.7,27.4,2.81,0.0,0.0,0.0,0.0,1.1,0.0,0.0,0.0,0.0,0.0,0.0,0.0,0.0,0.0,0.0,0.6,0.5,0,0,0,0,82903,0,0,0,2,5,CACHE,6,South Cache County,15,South Central Mountains,6,Balance of Cache County,Balance of Cache County
50875,875,13.5,45.0,3.33,1.6,0.0,0.0,1.5,7.4,0.0,0.0,0.0,0.0,1.4,0.0,0.0,0.0,4.5,0.0,0.6,0.7,0,0,0,0,84569,0,0,0,2,5,CACHE,2,West Cache County,7,County Area West of Logan,6,Balance of Cache County,Balance of Cache County
50876,876,0.0,0.0,0.00,0.0,0.0,0.0,0.0,0.0,0.0,0.0,0.0,0.0,0.0,0.0,0.0,0.0,0.0,0.0,0.0,0.0,0,0,0,0,82903,0,0,0,2,5,CACHE,6,South Cache County,16,Paradise Area,6,Balance of Cache County,Balance of Cache County
50877,877,200.6,552.8,2.76,0.0,0.0,0.0,0.0,183.2,0.0,0.0,0.0,0.0,0.0,0.0,0.0,0.0,4.5,0.0,167.7,10.9,0,0,0,0,84569,0,0,0,2,5,CACHE,2,West Cache County,7,County Area West of Logan,29,Logan,Logan
50878,878,0.0,0.0,0.00,0.0,0.0,0.0,0.0,0.0,0.0,0.0,0.0,0.0,0.0,0.0,0.0,0.0,0.0,0.0,0.0,0.0,0,0,0,0,54740,0,0,0,2,5,CACHE,7,East Mountains,17,East Mountains,6,Balance of Cache County,Balance of Cache County
50879,879,27.4,67.6,2.47,4.9,0.1,1.8,3.0,11.6,0.0,0.0,1.8,0.0,0.1,0.1,2.7,0.1,4.5,0.0,0.6,1.5,0,0,0,0,84569,0,0,0,2,5,CACHE,2,West Cache County,7,County Area West of Logan,6,Balance of Cache County,Balance of Cache County
50880,880,0.0,0.0,0.00,32.7,0.5,0.6,31.7,32.7,0.3,0.2,0.5,0.1,0.5,0.5,0.4,30.4,0.0,0.0,0.0,0.0,0,0,0,0,54740,0,0,0,2,5,CACHE,7,East Mountains,17,East Mountains,6,Balance of Cache County,Balance of Cache County
50881,881,140.4,466.6,3.32,0.0,0.0,0.0,0.0,97.6,0.0,0.0,0.0,0.0,0.0,0.0,0.0,0.0,4.5,0.0,85.5,7.6,0,0,0,0,84569,0,0,0,2,5,CACHE,2,West Cache County,7,County Area West of Logan,29,Logan,Logan
50882,882,7.0,36.1,5.16,37.6,22.7,0.0,14.9,38.7,0.0,22.7,0.0,0.0,0.0,12.4,0.0,2.6,0.0,0.0,0.6,0.4,0,0,0,0,54740,0,0,0,2,5,CACHE,7,East Mountains,17,East Mountains,6,Balance of Cache County,Balance of Cache County
50883,883,14.8,41.7,2.81,0.0,0.0,0.0,0.0,9.9,0.0,0.0,0.0,0.0,0.0,0.0,0.0,0.0,9.1,0.0,0.0,0.8,0,0,0,0,84569,0,0,0,2,5,CACHE,2,West Cache County,7,County Area West of Logan,6,Balance of Cache County,Balance of Cache County
50884,884,23.1,64.9,2.81,0.0,0.0,0.0,0.0,8.1,0.0,0.0,0.0,0.0,0.0,0.0,0.0,0.0,5.7,0.0,1.3,1.2,0,0,0,0,84569,0,0,0,2,5,CACHE,2,West Cache County,7,County Area West of Logan,6,Balance of Cache County,Balance of Cache County
50885,885,3.5,11.7,3.33,2.7,0.0,0.0,2.7,2.9,0.0,0.0,0.0,0.0,0.0,0.0,0.0,2.7,0.0,0.0,0.0,0.2,0,0,0,0,54740,0,0,0,2,5,CACHE,7,East Mountains,17,East Mountains,6,Balance of Cache County,Balance of Cache County
50886,886,3.1,10.2,3.33,0.0,0.0,0.0,0.0,4.7,0.0,0.0,0.0,0.0,0.0,0.0,0.0,0.0,4.5,0.0,0.0,0.2,0,0,0,0,54740,0,0,0,2,5,CACHE,7,East Mountains,17,East Mountains,6,Balance of Cache County,Balance of Cache County
50887,887,142.8,416.8,2.92,0.0,0.0,0.0,0.0,48.8,0.0,0.0,0.0,0.0,0.0,0.0,0.0,0.0,5.7,0.0,35.4,7.7,0,0,0,0,84569,0,0,0,2,5,CACHE,2,West Cache County,7,County Area West of Logan,29,Logan,Logan
50888,888,0.0,0.0,0.00,0.0,0.0,0.0,0.0,0.0,0.0,0.0,0.0,0.0,0.0,0.0,0.0,0.0,0.0,0.0,0.0,0.0,0,0,0,0,54740,0,0,0,2,5,CACHE,7,East Mountains,17,East Mountains,6,Balance of Cache County,Balance of Cache County
50889,889,5.3,20.8,3.91,0.0,0.0,0.0,0.0,4.8,0.0,0.0,0.0,0.0,0.0,0.0,0.0,0.0,4.5,0.0,0.0,0.3,0,0,0,0,84225,0,0,0,2,5,CACHE,2,West Cache County,6,Mendon Area,6,Balance of Cache County,Balance of Cache County
50890,890,0.0,0.0,0.00,0.0,0.0,0.0,0.0,0.0,0.0,0.0,0.0,0.0,0.0,0.0,0.0,0.0,0.0,0.0,0.0,0.0,0,0,0,0,54740,0,0,0,2,5,CACHE,7,East Mountains,17,East Mountains,6,Balance of Cache County,Balance of Cache County
50891,891,31.3,87.5,2.79,0.0,0.0,0.0,0.0,6.9,0.0,0.0,0.0,0.0,0.0,0.0,0.0,0.0,4.5,0.0,0.6,1.7,0,0,0,0,87743,574,0,0,2,5,CACHE,5,South of Logan - Wellsville Area,14,Wellsville Area,6,Balance of Cache County,Balance of Cache County
50892,892,9.6,30.3,3.16,94.0,0.0,0.0,94.0,99.1,0.0,0.0,0.0,0.0,0.0,0.0,94.0,0.0,4.5,0.0,0.0,0.5,0,0,0,0,84225,0,0,0,2,5,CACHE,5,South of Logan - Wellsville Area,14,Wellsville Area,6,Balance of Cache County,Balance of Cache County
50893,893,15.4,60.1,3.89,4.0,4.0,0.0,0.0,9.3,4.0,0.0,0.0,0.0,0.0,0.0,0.0,0.0,4.5,0.0,0.0,0.8,0,0,0,0,84225,0,0,0,2,5,CACHE,5,South of Logan - Wellsville Area,14,Wellsville Area,6,Balance of Cache County,Balance of Cache County
50894,894,4.1,20.9,5.16,0.0,0.0,0.0,0.0,0.2,0.0,0.0,0.0,0.0,0.0,0.0,0.0,0.0,0.0,0.0,0.0,0.2,0,0,0,0,84225,0,0,0,2,5,CACHE,5,South of Logan - Wellsville Area,14,Wellsville Area,6,Balance of Cache County,Balance of Cache County
50895,895,14.6,63.1,4.33,1.2,0.0,0.0,1.2,4.2,0.0,0.0,0.0,0.0,0.0,0.0,1.2,0.0,2.3,0.0,0.0,0.8,0,0,0,0,84225,0,0,0,2,5,CACHE,5,South of Logan - Wellsville Area,14,Wellsville Area,6,Balance of Cache County,Balance of Cache County
50896,896,10.5,41.2,3.91,0.0,0.0,0.0,0.0,5.1,0.0,0.0,0.0,0.0,0.0,0.0,0.0,0.0,4.5,0.0,0.0,0.6,0,0,0,0,84225,0,0,0,2,5,CACHE,5,South of Logan - Wellsville Area,14,Wellsville Area,6,Balance of Cache County,Balance of Cache County
50897,897,19.0,85.5,4.50,0.0,0.0,0.0,0.0,5.0,0.0,0.0,0.0,0.0,0.0,0.0,0.0,0.0,3.4,0.0,0.6,1.0,0,0,0,0,84225,0,0,0,2,5,CACHE,5,South of Logan - Wellsville Area,14,Wellsville Area,6,Balance of Cache County,Balance of Cache County
50898,898,15.3,42.9,2.81,0.0,0.0,0.0,0.0,5.3,0.0,0.0,0.0,0.0,0.0,0.0,0.0,0.0,4.5,0.0,0.0,0.8,0,0,0,0,84569,0,0,0,2,5,CACHE,2,West Cache County,7,County Area West of Logan,6,Balance of Cache County,Balance of Cache County
50899,899,27.8,90.3,3.25,10.6,10.6,0.0,0.0,17.3,10.6,0.0,0.0,0.0,0.0,0.0,0.0,0.0,4.5,0.0,0.6,1.5,0,0,0,0,84569,0,0,0,2,5,CACHE,2,West Cache County,7,County Area West of Logan,6,Balance of Cache County,Balance of Cache County
50900,900,2.4,3.9,1.67,0.0,0.0,0.0,0.0,4.6,0.0,0.0,0.0,0.0,0.0,0.0,0.0,0.0,4.5,0.0,0.0,0.1,0,0,0,0,87584,0,0,0,2,5,CACHE,5,South of Logan - Wellsville Area,13,Hyrum Area,6,Balance of Cache County,Balance of Cache County
50901,901,0.0,0.0,0.00,0.0,0.0,0.0,0.0,4.5,0.0,0.0,0.0,0.0,0.0,0.0,0.0,0.0,4.5,0.0,0.0,0.0,0,0,0,0,87584,0,0,0,2,5,CACHE,5,South of Logan - Wellsville Area,13,Hyrum Area,6,Balance of Cache County,Balance of Cache County
50902,902,14.0,38.8,2.77,72.4,9.7,12.2,50.5,79.6,6.0,3.7,10.2,2.0,10.1,10.4,8.4,21.6,4.5,0.0,1.9,0.8,0,0,0,0,87584,0,0,0,2,5,CACHE,5,South of Logan - Wellsville Area,13,Hyrum Area,6,Balance of Cache County,Balance of Cache County
50903,903,4.0,18.6,4.66,0.0,0.0,0.0,0.0,4.7,0.0,0.0,0.0,0.0,0.0,0.0,0.0,0.0,4.5,0.0,0.0,0.2,0,0,0,0,87584,0,0,0,2,5,CACHE,5,South of Logan - Wellsville Area,12,"Providence, Millville, Nibley Area",6,Balance of Cache County,Balance of Cache County
50904,904,1.0,2.8,2.79,0.0,0.0,0.0,0.0,11.0,0.0,0.0,0.0,0.0,0.0,0.0,0.0,0.0,4.5,0.0,6.3,0.1,0,0,0,0,87584,0,0,0,2,5,CACHE,5,South of Logan - Wellsville Area,13,Hyrum Area,6,Balance of Cache County,Balance of Cache County
50905,905,1.0,2.8,2.79,0.0,0.0,0.0,0.0,11.0,0.0,0.0,0.0,0.0,0.0,0.0,0.0,0.0,4.5,0.0,6.3,0.1,0,0,0,0,87584,0,0,0,2,5,CACHE,5,South of Logan - Wellsville Area,13,Hyrum Area,6,Balance of Cache County,Balance of Cache County
50906,906,1.0,2.8,2.79,0.0,0.0,0.0,0.0,8.7,0.0,0.0,0.0,0.0,0.0,0.0,0.0,0.0,2.3,0.0,6.3,0.1,0,0,0,0,87584,0,0,0,2,5,CACHE,5,South of Logan - Wellsville Area,13,Hyrum Area,6,Balance of Cache County,Balance of Cache County
50907,907,1.0,2.8,2.79,0.0,0.0,0.0,0.0,11.0,0.0,0.0,0.0,0.0,0.0,0.0,0.0,0.0,4.5,0.0,6.3,0.1,0,0,0,0,87584,0,0,0,2,5,CACHE,5,South of Logan - Wellsville Area,13,Hyrum Area,6,Balance of Cache County,Balance of Cache County
50908,908,1.0,2.8,2.79,7.3,0.0,0.0,7.3,13.7,0.0,0.0,0.0,0.0,0.0,7.3,0.0,0.0,0.0,0.0,6.3,0.1,0,0,0,0,47188,0,0,0,2,5,CACHE,5,South of Logan - Wellsville Area,13,Hyrum Area,6,Balance of Cache County,Balance of Cache County
50909,909,1.0,2.8,2.79,26.6,0.0,26.6,0.0,33.0,0.0,0.0,0.0,26.6,0.0,0.0,0.0,0.0,0.0,0.0,6.3,0.1,0,0,0,0,47188,0,0,0,2,5,CACHE,5,South of Logan - Wellsville Area,13,Hyrum Area,6,Balance of Cache County,Balance of Cache County
50910,910,1.0,2.8,2.79,193.2,1.7,184.3,7.2,199.6,1.1,0.6,184.0,0.4,1.7,1.8,1.4,2.4,0.0,0.0,6.3,0.1,0,0,0,0,47188,0,0,0,2,5,CACHE,5,South of Logan - Wellsville Area,13,Hyrum Area,6,Balance of Cache County,Balance of Cache County
50911,911,1.0,2.8,2.79,0.0,0.0,0.0,0.0,6.4,0.0,0.0,0.0,0.0,0.0,0.0,0.0,0.0,0.0,0.0,6.3,0.1,0,0,0,0,47188,0,0,0,2,5,CACHE,5,South of Logan - Wellsville Area,13,Hyrum Area,6,Balance of Cache County,Balance of Cache County
50912,912,2.8,3.4,1.20,0.0,0.0,0.0,0.0,6.5,0.0,0.0,0.0,0.0,0.0,0.0,0.0,0.0,0.0,0.0,6.3,0.2,0,0,0,0,68723,0,0,0,2,5,CACHE,5,South of Logan - Wellsville Area,13,Hyrum Area,6,Balance of Cache County,Balance of Cache County
50913,913,32.7,39.2,1.20,0.0,0.0,0.0,0.0,3.1,0.0,0.0,0.0,0.0,0.0,0.0,0.0,0.0,0.0,0.0,1.3,1.8,0,0,0,0,68723,0,0,0,2,5,CACHE,5,South of Logan - Wellsville Area,13,Hyrum Area,6,Balance of Cache County,Balance of Cache County
50914,914,5.1,17.4,3.41,0.0,0.0,0.0,0.0,0.3,0.0,0.0,0.0,0.0,0.0,0.0,0.0,0.0,0.0,0.0,0.0,0.3,0,0,0,0,72849,0,0,0,2,5,CACHE,5,South of Logan - Wellsville Area,12,"Providence, Millville, Nibley Area",6,Balance of Cache County,Balance of Cache County
50915,915,4.2,14.0,3.33,0.0,0.0,0.0,0.0,0.2,0.0,0.0,0.0,0.0,0.0,0.0,0.0,0.0,0.0,0.0,0.0,0.2,0,0,0,0,72849,0,0,0,2,5,CACHE,5,South of Logan - Wellsville Area,12,"Providence, Millville, Nibley Area",6,Balance of Cache County,Balance of Cache County
50916,916,5.8,20.0,3.41,0.0,0.0,0.0,0.0,0.3,0.0,0.0,0.0,0.0,0.0,0.0,0.0,0.0,0.0,0.0,0.0,0.3,0,0,0,0,72849,0,0,0,2,5,CACHE,5,South of Logan - Wellsville Area,12,"Providence, Millville, Nibley Area",6,Balance of Cache County,Balance of Cache County
50917,917,10.9,24.8,2.27,0.0,0.0,0.0,0.0,0.6,0.0,0.0,0.0,0.0,0.0,0.0,0.0,0.0,0.0,0.0,0.0,0.6,0,0,0,0,72849,0,0,0,2,5,CACHE,5,South of Logan - Wellsville Area,12,"Providence, Millville, Nibley Area",6,Balance of Cache County,Balance of Cache County
50918,918,5.6,16.4,2.92,0.0,0.0,0.0,0.0,4.8,0.0,0.0,0.0,0.0,0.0,0.0,0.0,0.0,4.5,0.0,0.0,0.3,0,0,0,0,72849,0,0,0,2,5,CACHE,5,South of Logan - Wellsville Area,12,"Providence, Millville, Nibley Area",6,Balance of Cache County,Balance of Cache County
50919,919,0.0,0.0,0.00,0.0,0.0,0.0,0.0,4.5,0.0,0.0,0.0,0.0,0.0,0.0,0.0,0.0,4.5,0.0,0.0,0.0,0,0,0,0,72849,0,0,0,2,5,CACHE,5,South of Logan - Wellsville Area,12,"Providence, Millville, Nibley Area",6,Balance of Cache County,Balance of Cache County
50920,920,5.9,23.8,4.00,4.1,0.0,0.0,4.1,10.7,0.0,0.0,0.0,0.0,4.1,0.0,0.0,0.0,5.7,0.0,0.6,0.3,0,0,0,0,72849,0,0,0,2,5,CACHE,5,South of Logan - Wellsville Area,12,"Providence, Millville, Nibley Area",6,Balance of Cache County,Balance of Cache County
50921,921,10.6,39.0,3.66,19.2,0.0,0.0,19.2,20.5,0.0,0.0,0.0,0.0,19.2,0.0,0.0,0.0,0.0,0.0,0.6,0.6,0,0,0,0,72849,0,0,0,2,5,CACHE,5,South of Logan - Wellsville Area,12,"Providence, Millville, Nibley Area",6,Balance of Cache County,Balance of Cache County
50922,922,0.0,0.0,0.00,0.0,0.0,0.0,0.0,0.0,0.0,0.0,0.0,0.0,0.0,0.0,0.0,0.0,0.0,0.0,0.0,0.0,0,0,0,0,87743,0,0,0,2,5,CACHE,5,South of Logan - Wellsville Area,14,Wellsville Area,6,Balance of Cache County,Balance of Cache County
50923,923,0.0,0.0,0.00,0.0,0.0,0.0,0.0,0.0,0.0,0.0,0.0,0.0,0.0,0.0,0.0,0.0,0.0,0.0,0.0,0.0,0,0,0,0,87743,0,0,0,2,5,CACHE,5,South of Logan - Wellsville Area,14,Wellsville Area,6,Balance of Cache County,Balance of Cache County
50924,924,0.0,0.0,0.00,0.0,0.0,0.0,0.0,0.0,0.0,0.0,0.0,0.0,0.0,0.0,0.0,0.0,0.0,0.0,0.0,0.0,0,0,0,0,87743,0,0,0,2,5,CACHE,5,South of Logan - Wellsville Area,14,Wellsville Area,6,Balance of Cache County,Balance of Cache County
50925,925,0.0,0.0,0.00,0.0,0.0,0.0,0.0,0.0,0.0,0.0,0.0,0.0,0.0,0.0,0.0,0.0,0.0,0.0,0.0,0.0,0,0,0,0,84225,0,0,0,2,5,CACHE,6,South Cache County,15,South Central Mountains,6,Balance of Cache County,Balance of Cache County
50926,926,18.0,64.6,3.58,46.6,38.3,0.0,8.4,54.0,38.3,0.0,0.0,0.0,0.0,0.0,0.0,8.4,5.7,0.0,0.6,1.0,0,0,0,0,84225,0,0,0,2,5,CACHE,6,South Cache County,15,South Central Mountains,6,Balance of Cache County,Balance of Cache County
50927,927,21.6,60.0,2.78,0.0,0.0,0.0,0.0,6.4,0.0,0.0,0.0,0.0,0.0,0.0,0.0,0.0,4.5,0.0,0.6,1.2,0,0,0,0,76557,0,0,0,2,5,CACHE,5,South of Logan - Wellsville Area,13,Hyrum Area,6,Balance of Cache County,Balance of Cache County
50928,928,13.7,38.8,2.83,0.0,0.0,0.0,0.0,5.2,0.0,0.0,0.0,0.0,0.0,0.0,0.0,0.0,4.5,0.0,0.0,0.7,0,0,0,0,76557,0,0,0,2,5,CACHE,5,South of Logan - Wellsville Area,13,Hyrum Area,6,Balance of Cache County,Balance of Cache County
50929,929,52.9,156.5,2.96,27.5,0.0,0.0,27.5,42.0,0.0,0.0,0.0,0.0,4.8,0.0,8.3,14.5,9.1,0.0,2.5,2.9,0,0,0,0,84225,0,0,0,2,5,CACHE,6,South Cache County,15,South Central Mountains,6,Balance of Cache County,Balance of Cache County
50930,930,61.9,206.2,3.33,8.3,0.9,1.1,6.3,23.8,0.5,0.3,0.9,0.2,0.9,0.9,0.7,3.8,9.1,0.0,3.2,3.3,0,0,0,0,82903,0,0,0,2,5,CACHE,6,South Cache County,15,South Central Mountains,6,Balance of Cache County,Balance of Cache County
50931,931,0.0,0.0,0.00,0.0,0.0,0.0,0.0,0.0,0.0,0.0,0.0,0.0,0.0,0.0,0.0,0.0,0.0,0.0,0.0,0.0,0,0,0,0,82903,0,0,0,2,5,CACHE,5,South of Logan - Wellsville Area,13,Hyrum Area,6,Balance of Cache County,Balance of Cache County
50932,932,13.9,60.0,4.33,0.0,0.0,0.0,0.0,4.8,0.0,0.0,0.0,0.0,0.0,0.0,0.0,0.0,3.4,0.0,0.6,0.8,0,0,0,0,52095,0,0,0,2,5,CACHE,5,South of Logan - Wellsville Area,13,Hyrum Area,6,Balance of Cache County,Balance of Cache County
50933,933,4.0,7.6,1.92,0.0,0.0,0.0,0.0,0.2,0.0,0.0,0.0,0.0,0.0,0.0,0.0,0.0,0.0,0.0,0.0,0.2,0,0,0,0,82903,0,0,0,2,5,CACHE,5,South of Logan - Wellsville Area,13,Hyrum Area,6,Balance of Cache County,Balance of Cache County
50934,934,5.4,23.3,4.33,0.0,0.0,0.0,0.0,5.5,0.0,0.0,0.0,0.0,0.0,0.0,0.0,0.0,4.5,0.0,0.6,0.3,0,0,0,0,69913,0,0,0,2,5,CACHE,5,South of Logan - Wellsville Area,13,Hyrum Area,6,Balance of Cache County,Balance of Cache County
50935,935,2.3,8.5,3.66,0.0,0.0,0.0,0.0,4.6,0.0,0.0,0.0,0.0,0.0,0.0,0.0,0.0,4.5,0.0,0.0,0.1,0,0,0,0,69913,0,0,0,2,5,CACHE,5,South of Logan - Wellsville Area,13,Hyrum Area,6,Balance of Cache County,Balance of Cache County
50936,936,13.9,33.0,2.38,28.1,2.9,7.4,17.7,32.3,1.8,1.1,6.8,0.6,8.0,3.1,2.5,4.1,3.4,0.0,0.0,0.8,0,0,0,0,82903,0,0,0,2,5,CACHE,6,South Cache County,16,Paradise Area,6,Balance of Cache County,Balance of Cache County
50937,937,22.4,46.8,2.09,2.7,0.0,0.0,2.7,8.0,0.0,0.0,0.0,0.0,0.0,0.0,0.0,2.7,3.4,0.0,0.6,1.2,0,0,0,0,82903,0,0,0,2,5,CACHE,6,South Cache County,16,Paradise Area,6,Balance of Cache County,Balance of Cache County
50938,938,11.1,46.2,4.16,0.0,0.0,0.0,0.0,8.0,0.0,0.0,0.0,0.0,0.0,0.0,0.0,0.0,6.8,0.0,0.6,0.6,0,0,0,0,82903,0,0,0,2,5,CACHE,6,South Cache County,16,Paradise Area,6,Balance of Cache County,Balance of Cache County
50939,939,0.0,0.0,0.00,3.7,0.5,0.7,2.4,7.1,0.3,0.2,0.6,0.1,0.6,0.6,0.5,0.8,3.4,0.0,0.0,0.0,0,0,0,0,82903,0,0,0,2,5,CACHE,6,South Cache County,16,Paradise Area,6,Balance of Cache County,Balance of Cache County
50940,940,0.0,0.0,0.00,0.0,0.0,0.0,0.0,0.0,0.0,0.0,0.0,0.0,0.0,0.0,0.0,0.0,0.0,0.0,0.0,0.0,0,0,0,0,82903,0,0,0,2,5,CACHE,6,South Cache County,16,Paradise Area,6,Balance of Cache County,Balance of Cache County
50941,941,10.1,25.8,2.57,0.0,0.0,0.0,0.0,0.5,0.0,0.0,0.0,0.0,0.0,0.0,0.0,0.0,0.0,0.0,0.0,0.5,0,0,0,0,82903,0,0,0,2,5,CACHE,6,South Cache County,16,Paradise Area,6,Balance of Cache County,Balance of Cache County
50942,942,27.5,81.3,2.96,3.9,0.0,1.0,2.8,5.4,0.0,0.0,0.0,1.0,0.0,0.0,0.0,2.8,0.0,0.0,0.0,1.5,0,0,0,0,82903,0,0,0,2,5,CACHE,6,South Cache County,16,Paradise Area,6,Balance of Cache County,Balance of Cache County
50943,943,7.6,21.5,2.81,0.0,0.0,0.0,0.0,0.4,0.0,0.0,0.0,0.0,0.0,0.0,0.0,0.0,0.0,0.0,0.0,0.4,0,0,0,0,82903,0,0,0,2,5,CACHE,6,South Cache County,16,Paradise Area,6,Balance of Cache County,Balance of Cache County
